-8.838868141174316406e-01 4.531845450401306152e-02 2.579342760145664215e-02 4.973057657480239868e-02 1.462546270340681076e-02 4.868971183896064758e-02 8.233851194381713867e-02 8.654484897851943970e-02 1.510953251272439957e-02 2.088454924523830414e-02 3.870369866490364075e-02 4.781104996800422668e-02 1.480847317725419998e-02 9.585871361196041107e-03 5.023379996418952942e-02 1.460566520690917969e-01 8.442242443561553955e-02 2.991932909935712814e-03 9.165138006210327148e-03 9.107268601655960083e-02
6.162799149751663208e-02 -6.773962378501892090e-01 2.748084068298339844e-02 2.244049683213233948e-02 5.455685313791036606e-03 8.174776285886764526e-02 4.232550412416458130e-02 2.863793261349201202e-02 4.691026359796524048e-02 1.079561933875083923e-02 3.724393248558044434e-02 1.383506953716278076e-01 9.530202485620975494e-03 7.564614526927471161e-03 1.871539466083049774e-02 4.781166464090347290e-02 4.729335755109786987e-02 6.937619764357805252e-03 1.165981963276863098e-02 2.486689016222953796e-02
5.418711528182029724e-02 4.245355725288391113e-02 -9.379802942276000977e-01 1.641697436571121216e-01 5.751116201281547546e-03 5.954955145716667175e-02 6.515140086412429810e-02 7.924463599920272827e-02 5.988821014761924744e-02 1.583839952945709229e-02 2.038449048995971680e-02 9.916195273399353027e-02 8.484982885420322418e-03 8.483720943331718445e-03 1.660052314400672913e-02 1.189545392990112305e-01 7.962062954902648926e-02 1.637044944800436497e-03 1.872514002025127411e-02 1.969352178275585175e-02
7.289806753396987915e-02 2.418923377990722656e-02 1.145509481430053711e-01 -7.537463307380676270e-01 2.035075565800070763e-03 4.164120554924011230e-02 1.843625307083129883e-01 6.694147735834121704e-02 2.273042127490043640e-02 4.902660381048917770e-03 1.106150634586811066e-02 4.052403196692466736e-02 2.569225151091814041e-03 4.166272934526205063e-03 2.579592913389205933e-02 7.124224305152893066e-02 4.570519551634788513e-02 1.259665121324360371e-03 6.182389799505472183e-03 1.098824851214885712e-02
6.509505212306976318e-02 1.785602606832981110e-02 1.218438334763050079e-02 6.179116200655698776e-03 -3.671397268772125244e-01 8.253078907728195190e-03 4.417566582560539246e-03 1.686143688857555389e-02 9.747254662215709686e-03 1.130169536918401718e-02 2.365074306726455688e-02 4.316621460020542145e-03 7.553599309176206589e-03 1.668859086930751801e-02 4.579083528369665146e-03 5.837795510888099670e-02 2.817957289516925812e-02 5.471805110573768616e-03 2.046997658908367157e-02 4.595616087317466736e-02
8.688063919544219971e-02 1.072651743888854980e-01 5.057981982827186584e-02 5.068932846188545227e-02 3.308745799586176872e-03 -9.473959803581237793e-01 1.544153243303298950e-01 2.875189296901226044e-02 6.152089685201644897e-02 1.347173191606998444e-02 4.621044546365737915e-02 1.255734562873840332e-01 2.140656672418117523e-02 8.724716491997241974e-03 2.192488685250282288e-02 6.438744068145751953e-02 5.756761133670806885e-02 4.084601067006587982e-03 1.155988685786724091e-02 2.907285280525684357e-02
1.123309135437011719e-01 4.246151447296142578e-02 4.230903089046478271e-02 1.715838462114334106e-01 1.354069565422832966e-03 1.180594861507415771e-01 -8.648443222045898438e-01 4.092709347605705261e-02 1.869204454123973846e-02 1.097348798066377640e-02 1.770273968577384949e-02 8.675438165664672852e-02 5.758407060056924820e-03 5.074998363852500916e-03 3.001855313777923584e-02 6.378265470266342163e-02 5.768774822354316711e-02 2.314696088433265686e-03 7.786047179251909256e-03 2.927258796989917755e-02
9.338194876909255981e-02 2.272272855043411255e-02 4.070095717906951904e-02 4.927475377917289734e-02 4.087688867002725601e-03 1.738610863685607910e-02 3.236953169107437134e-02 -4.181347489356994629e-01 1.095710601657629013e-02 3.307137405499815941e-03 8.003007620573043823e-03 1.963288523256778717e-02 2.488963538780808449e-03 3.168564755469560623e-03 1.483397930860519409e-02 6.018049269914627075e-02 2.086356841027736664e-02 1.828509964980185032e-03 3.318748902529478073e-03 9.628083556890487671e-03
2.792986296117305756e-02 6.376505643129348755e-02 5.269533768296241760e-02 2.866373211145401001e-02 4.048197530210018158e-03 6.373157352209091187e-02 2.532668411731719971e-02 1.877119764685630798e-02 -5.294404625892639160e-01 8.095947094261646271e-03 2.143413200974464417e-02 3.058420866727828979e-02 9.672582149505615234e-03 2.642683126032352448e-02 9.400001727044582367e-03 3.276921063661575317e-02 1.929718069732189178e-02 6.415620446205139160e-03 6.721894443035125732e-02 1.319415401667356491e-02
2.474301494657993317e-02 9.405290707945823669e-03 8.932065218687057495e-03 3.962477669119834900e-03 3.008380299434065819e-03 8.944687433540821075e-03 9.529628790915012360e-03 3.631266066804528236e-03 5.188925191760063171e-03 -7.586169838905334473e-01 1.912100613117218018e-01 1.198963820934295654e-02 5.253991857171058655e-02 2.867103926837444305e-02 4.419558215886354446e-03 1.366313174366950989e-02 3.616602718830108643e-02 2.800984540954232216e-03 9.483748115599155426e-03 3.303270936012268066e-01
3.345337882637977600e-02 2.367228083312511444e-02 8.386878296732902527e-03 6.522427313029766083e-03 4.592973273247480392e-03 2.238421514630317688e-02 1.121583767235279083e-02 6.410899572074413300e-03 1.002248935401439667e-02 1.394988596439361572e-01 -6.008850932121276855e-01 1.642233505845069885e-02 7.802013307809829712e-02 6.622838973999023438e-02 9.084069170057773590e-03 1.403719279915094376e-02 2.323677763342857361e-02 7.904011756181716919e-03 1.907064765691757202e-02 1.007212623953819275e-01
8.852715045213699341e-02 1.883764714002609253e-01 8.739897608757019043e-02 5.118801817297935486e-02 1.795782824046909809e-03 1.303047686815261841e-01 1.177452579140663147e-01 3.369074687361717224e-02 3.063569217920303345e-02 1.873815059661865234e-02 3.517998009920120239e-02 -1.032274603843688965e+00 1.713497936725616455e-02 7.026337087154388428e-03 3.125267103314399719e-02 7.333391159772872925e-02 7.891122251749038696e-02 2.674991963431239128e-03 1.038525160402059555e-02 2.797424420714378357e-02
3.766804561018943787e-02 1.782633550465106964e-02 1.027369964867830276e-02 4.458332434296607971e-03 4.316963721066713333e-03 3.051575459539890289e-02 1.073665358126163483e-02 5.867588333785533905e-03 1.331028901040554047e-02 1.128040477633476257e-01 2.296053618192672729e-01 2.353955246508121490e-02 -6.915146708488464355e-01 3.992759063839912415e-02 4.821902140974998474e-03 1.719809509813785553e-02 3.474252298474311829e-02 4.793218802660703659e-03 1.327639073133468628e-02 7.583231478929519653e-02
1.397434528917074203e-02 8.109307847917079926e-03 5.887070670723915100e-03 4.143382888287305832e-03 5.466144997626543045e-03 7.127962540835142136e-03 5.422999151051044464e-03 4.280955996364355087e-03 2.084141597151756287e-02 3.527896106243133545e-02 1.117008775472640991e-01 5.531980656087398529e-03 2.288284897804260254e-02 -4.828131198883056641e-01 3.141855821013450623e-03 1.478993054479360580e-02 1.011157780885696411e-02 2.129379287362098694e-02 1.537979096174240112e-01 2.902980148792266846e-02
1.153560504317283630e-01 3.160388022661209106e-02 1.814592629671096802e-02 4.041131213307380676e-02 2.362568862736225128e-03 2.821602858603000641e-02 5.052866414189338684e-02 3.157041221857070923e-02 1.167762279510498047e-02 8.566346019506454468e-03 2.413444221019744873e-02 3.875995054841041565e-02 4.353112541139125824e-03 4.949151072651147842e-03 -5.492131710052490234e-01 6.563817709684371948e-02 4.209285229444503784e-02 1.700921915471553802e-03 4.948960617184638977e-03 2.419678866863250732e-02
1.948260515928268433e-01 4.689824581146240234e-02 7.553004473447799683e-02 6.482920795679092407e-02 1.749589666724205017e-02 4.813279956579208374e-02 6.236371770501136780e-02 7.439773529767990112e-02 2.364688180387020111e-02 1.538326032459735870e-02 2.166299149394035339e-02 5.283020436763763428e-02 9.018684737384319305e-03 1.353293284773826599e-02 3.812745958566665649e-02 -9.920030832290649414e-01 1.892764717340469360e-01 4.462755750864744186e-03 1.243584416806697845e-02 2.715195529162883759e-02
1.259827315807342529e-01 5.189798027276992798e-02 5.655771121382713318e-02 4.652927070856094360e-02 9.448203258216381073e-03 4.814438521862030029e-02 6.310162693262100220e-02 2.885493449866771698e-02 1.557863038033246994e-02 4.555399343371391296e-02 4.011821746826171875e-02 6.359804421663284302e-02 2.038223110139369965e-02 1.035076100379228592e-02 2.735377475619316101e-02 2.117503434419631958e-01 -9.791914820671081543e-01 3.415636252611875534e-03 1.079680304974317551e-02 9.977614879608154297e-02
8.438044227659702301e-03 1.438790466636419296e-02 2.197675639763474464e-03 2.423553029075264931e-03 3.467226400971412659e-03 6.455855909734964371e-03 4.785062745213508606e-03 4.779314156621694565e-03 9.788380004465579987e-03 6.667654495686292648e-03 2.578992210328578949e-02 4.074404947459697723e-03 5.314401816576719284e-03 4.119486734271049500e-02 2.088959561660885811e-03 9.435553103685379028e-03 6.455179769545793533e-03 -2.047007977962493896e-01 3.793260455131530762e-02 9.024216793477535248e-03
1.522830873727798462e-02 1.424628496170043945e-02 1.480985432863235474e-02 7.007717154920101166e-03 7.641729433089494705e-03 1.076416950672864914e-02 9.482732042670249939e-03 5.110523663461208344e-03 6.042082235217094421e-02 1.330041419714689255e-02 3.665984794497489929e-02 9.319261647760868073e-03 8.672212250530719757e-03 1.752924770116806030e-01 3.580819116905331612e-03 1.549038849771022797e-02 1.202138978987932205e-02 2.234783209860324860e-02 -4.577983021736145020e-01 1.640151627361774445e-02
9.153819084167480469e-02 1.837945915758609772e-02 9.422162547707557678e-03 7.534425240010023117e-03 1.037814002484083176e-02 1.637631095945835114e-02 2.156647108495235443e-02 8.968759328126907349e-03 7.174274418503046036e-03 2.802404463291168213e-01 1.171245202422142029e-01 1.518533285707235336e-02 2.996440418064594269e-02 2.001512981951236725e-02 1.059077214449644089e-02 2.045924589037895203e-02 6.720285862684249878e-02 3.216131357476115227e-03 9.921685792505741119e-03 -7.652587294578552246e-01
