-9.398320913314819336e-01 2.776303142309188843e-02 2.952116914093494415e-02 4.477030038833618164e-02 1.758571714162826538e-02 3.436616808176040649e-02 7.665587216615676880e-02 9.647096693515777588e-02 1.031374838203191757e-02 2.186782844364643097e-02 3.687074407935142517e-02 5.558936670422554016e-02 1.664284057915210724e-02 1.075226068496704102e-02 5.587145686149597168e-02 1.749913692474365234e-01 1.107621937990188599e-01 2.429566113278269768e-03 1.036848500370979309e-02 1.062389463186264038e-01
5.229531228542327881e-02 -8.386912941932678223e-01 3.211813792586326599e-02 1.723863556981086731e-02 9.644516743719577789e-03 9.181727468967437744e-02 3.815517202019691467e-02 4.542938619852066040e-02 4.437305033206939697e-02 1.308467332273721695e-02 3.922232240438461304e-02 2.434856742620468140e-01 1.344611775130033493e-02 6.704139523208141327e-03 2.987674437463283539e-02 7.294317334890365601e-02 4.006608203053474426e-02 1.335052214562892914e-02 1.441669929772615433e-02 2.102364413440227509e-02
5.924372747540473938e-02 3.421869128942489624e-02 -1.128576636314392090e+00 2.088996171951293945e-01 6.108224391937255859e-03 5.248335376381874084e-02 6.797292828559875488e-02 7.707648724317550659e-02 7.198874652385711670e-02 2.210705168545246124e-02 1.638917066156864166e-02 1.352782249450683594e-01 6.604947615414857864e-03 7.578623015433549881e-03 1.577517949044704437e-02 1.914288997650146484e-01 1.012483686208724976e-01 2.259155036881566048e-03 3.169390931725502014e-02 2.022135630249977112e-02
6.821298599243164062e-02 1.394389383494853973e-02 1.586009711027145386e-01 -8.604093790054321289e-01 1.998048508539795876e-03 3.635294362902641296e-02 2.567407488822937012e-01 6.656568497419357300e-02 2.401303872466087341e-02 6.045663263648748398e-03 1.129596866667270660e-02 4.703745245933532715e-02 3.787262598052620888e-03 3.919066395610570908e-03 2.157013118267059326e-02 7.444950193166732788e-02 3.457013890147209167e-02 2.050797455012798309e-03 1.274586096405982971e-02 1.650924794375896454e-02
8.206305652856826782e-02 2.389308810234069824e-02 1.420344691723585129e-02 6.119508761912584305e-03 -4.822910726070404053e-01 6.654072087258100510e-03 7.148853037506341934e-03 2.723634243011474609e-02 7.613355759531259537e-03 1.534287165850400925e-02 3.351079300045967102e-02 1.083069853484630585e-02 9.609089232981204987e-03 1.723276823759078979e-02 7.843860425055027008e-03 8.515316247940063477e-02 3.544596210122108459e-02 1.007631793618202209e-02 1.855965703725814819e-02 6.375417858362197876e-02
7.293002307415008545e-02 1.034436449408531189e-01 5.549935996532440186e-02 5.063348636031150818e-02 3.026043297722935677e-03 -1.079716444015502930e+00 2.141023874282836914e-01 3.062834031879901886e-02 7.584650814533233643e-02 1.178574468940496445e-02 5.771574005484580994e-02 1.766680032014846802e-01 2.434541657567024231e-02 6.568050943315029144e-03 3.652559965848922729e-02 6.841026246547698975e-02 5.138952285051345825e-02 3.440009197220206261e-03 1.170414686203002930e-02 2.505410835146903992e-02
1.097925156354904175e-01 2.901247888803482056e-02 4.851258546113967896e-02 2.413487732410430908e-01 2.194199012592434883e-03 1.445018947124481201e-01 -9.925901293754577637e-01 4.672514274716377258e-02 1.860412582755088806e-02 1.091086491942405701e-02 1.858690194785594940e-02 1.254631131887435913e-01 8.544856682419776917e-03 5.016928073018789291e-03 3.066780604422092438e-02 5.543369799852371216e-02 4.928241670131683350e-02 2.672465983778238297e-03 8.875700645148754120e-03 3.644378110766410828e-02
1.086561977863311768e-01 2.716432511806488037e-02 4.325845092535018921e-02 4.920749366283416748e-02 6.573838647454977036e-03 1.625571586191654205e-02 3.674355894327163696e-02 -4.997992217540740967e-01 8.451133035123348236e-03 4.731517285108566284e-03 9.284232743084430695e-03 2.903377637267112732e-02 4.344699438661336899e-03 3.533339127898216248e-03 1.453173253685235977e-02 8.551931381225585938e-02 2.455428615212440491e-02 4.864714574068784714e-03 5.309946369379758835e-03 1.778096519410610199e-02
3.365306928753852844e-02 7.686553150415420532e-02 1.170479729771614075e-01 5.142546817660331726e-02 5.323492921888828278e-03 1.166187748312950134e-01 4.238285124301910400e-02 2.448303252458572388e-02 -8.510006666183471680e-01 1.036809477955102921e-02 3.847290202975273132e-02 6.046966090798377991e-02 9.500165469944477081e-03 2.821142785251140594e-02 2.835779078304767609e-02 5.400129780173301697e-02 3.277417644858360291e-02 4.937345162034034729e-03 1.025012806057929993e-01 1.360630709677934647e-02
3.701045364141464233e-02 1.175670977681875229e-02 1.864406839013099670e-02 6.715612951666116714e-03 5.564648658037185669e-03 9.399407543241977692e-03 1.289290003478527069e-02 7.109863683581352234e-03 5.377860274165868759e-03 -9.505934119224548340e-01 2.086477726697921753e-01 2.235512249171733856e-02 6.560662388801574707e-02 3.881313279271125793e-02 8.160645142197608948e-03 2.819284424185752869e-02 7.422774285078048706e-02 3.660704707726836205e-03 1.574032381176948547e-02 3.707170188426971436e-01
3.986708819866180420e-02 2.251490019261837006e-02 8.830406703054904938e-03 8.016393519937992096e-03 7.764789275825023651e-03 2.940705977380275726e-02 1.403176411986351013e-02 8.912933990359306335e-03 1.274909544736146927e-02 1.332992166280746460e-01 -6.819623112678527832e-01 2.170198783278465271e-02 7.904101908206939697e-02 7.150238007307052612e-02 1.862353459000587463e-02 2.767416089773178101e-02 2.727793902158737183e-02 9.222761727869510651e-03 1.880068145692348480e-02 1.227242350578308105e-01
7.527890801429748535e-02 1.750488281250000000e-01 9.128526598215103149e-02 4.180693998932838440e-02 3.143044421449303627e-03 1.127364262938499451e-01 1.186234056949615479e-01 3.490818291902542114e-02 2.509637363255023956e-02 1.788710057735443115e-02 2.717994526028633118e-02 -9.527151584625244141e-01 1.675239019095897675e-02 5.492723546922206879e-03 2.642371691763401031e-02 6.846623867750167847e-02 7.431135326623916626e-02 3.172533819451928139e-03 8.149703033268451691e-03 2.695205621421337128e-02
6.511077284812927246e-02 2.792713977396488190e-02 1.287614740431308746e-02 9.724645875394344330e-03 8.056010119616985321e-03 4.488149285316467285e-02 2.334010787308216095e-02 1.509132143110036850e-02 1.139064691960811615e-02 1.516541540622711182e-01 2.859863638877868652e-01 4.839723184704780579e-02 -1.012845635414123535e+00 3.978100791573524475e-02 1.111661642789840698e-02 3.749392554163932800e-02 7.291498035192489624e-02 7.292052265256643295e-03 1.592937298119068146e-02 1.238816753029823303e-01
2.419869974255561829e-02 8.010128512978553772e-03 8.499114774167537689e-03 5.788923706859350204e-03 8.311122655868530273e-03 6.965518463402986526e-03 7.883205078542232513e-03 7.060243748128414154e-03 1.945848949253559113e-02 5.161217600107192993e-02 1.488264650106430054e-01 9.128477424383163452e-03 2.288456261157989502e-02 -6.386711001396179199e-01 9.018999524414539337e-03 3.531042113900184631e-02 1.584216766059398651e-02 1.978186890482902527e-02 1.811038553714752197e-01 4.898666962981224060e-02
1.077623516321182251e-01 3.059246763586997986e-02 1.516151335090398788e-02 2.730567008256912231e-02 3.242046805098652840e-03 3.319702297449111938e-02 4.129832983016967773e-02 2.488493919372558594e-02 1.676259562373161316e-02 9.299997240304946899e-03 3.322053328156471252e-02 3.763477504253387451e-02 5.480552092194557190e-03 7.729354780167341232e-03 -5.779051184654235840e-01 9.608020633459091187e-02 5.040832608938217163e-02 2.532903337851166725e-03 9.160573594272136688e-03 2.615096978843212128e-02
2.080547064542770386e-01 4.604152962565422058e-02 1.134121567010879517e-01 5.809593200683593750e-02 2.169572189450263977e-02 3.832718729972839355e-02 4.601585865020751953e-02 9.027495235204696655e-02 1.967691443860530853e-02 1.980528421700000763e-02 3.043005988001823425e-02 6.011125445365905762e-02 1.139453239738941193e-02 1.865398511290550232e-02 5.922674015164375305e-02 -1.090624809265136719e+00 1.886584162712097168e-01 6.497859489172697067e-03 2.414815127849578857e-02 3.010374493896961212e-02
1.511567682027816772e-01 2.902799844741821289e-02 6.885178387165069580e-02 3.096421621739864349e-02 1.036609522998332977e-02 3.304725140333175659e-02 4.695704206824302673e-02 2.975126542150974274e-02 1.370754372328519821e-02 5.985266715288162231e-02 3.442825376987457275e-02 7.488754391670227051e-02 2.543474361300468445e-02 9.606350213289260864e-03 3.566656261682510376e-02 2.165465503931045532e-01 -9.686485528945922852e-01 2.770193386822938919e-03 1.177619583904743195e-02 8.384951949119567871e-02
1.517112459987401962e-02 4.425796866416931152e-02 7.029529195278882980e-03 8.404943160712718964e-03 1.348352059721946716e-02 1.012216508388519287e-02 1.165128871798515320e-02 2.697047218680381775e-02 9.448750875890254974e-03 1.350625697523355484e-02 5.326200276613235474e-02 1.462896727025508881e-02 1.163894031196832657e-02 5.488632619380950928e-02 8.200315758585929871e-03 3.412702307105064392e-02 1.267544180154800415e-02 -4.537106752395629883e-01 7.906378060579299927e-02 2.518186718225479126e-02
2.553253620862960815e-02 1.884727738797664642e-02 3.889068588614463806e-02 2.060016803443431854e-02 9.794020093977451324e-03 1.358135603368282318e-02 1.525998022407293320e-02 1.160943042486906052e-02 7.735703140497207642e-02 2.290200814604759216e-02 4.281733930110931396e-02 1.481967791914939880e-02 1.002655923366546631e-02 1.981591433286666870e-01 1.169564668089151382e-02 5.001515150070190430e-02 2.124944515526294708e-02 3.117935732007026672e-02 -6.601530909538269043e-01 2.581634558737277985e-02
1.309864223003387451e-01 1.376114785671234131e-02 1.242350041866302490e-02 1.335957925766706467e-02 1.684471033513545990e-02 1.455613877624273300e-02 3.137174621224403381e-02 1.946435309946537018e-02 5.141319707036018372e-03 2.700637578964233398e-01 1.399394869804382324e-01 2.453877031803131104e-02 3.904129564762115479e-02 2.683664485812187195e-02 1.671680435538291931e-02 3.121778741478919983e-02 7.575426250696182251e-02 4.972117487341165543e-03 1.292583532631397247e-02 -8.999157547950744629e-01
