-7.994993925094604492e-01 3.912760689854621887e-02 2.349435351788997650e-02 4.061634838581085205e-02 1.650798320770263672e-02 3.836850821971893311e-02 6.734240055084228516e-02 7.454135268926620483e-02 1.225180644541978836e-02 2.312759868800640106e-02 3.680342435836791992e-02 3.808057680726051331e-02 1.411430630832910538e-02 9.644233621656894684e-03 3.841644898056983948e-02 1.414529234170913696e-01 8.316906541585922241e-02 2.502748742699623108e-03 8.410763926804065704e-03 9.152700752019882202e-02
6.199005246162414551e-02 -7.600414156913757324e-01 3.347957134246826172e-02 2.595791779458522797e-02 7.941164076328277588e-03 9.117213636636734009e-02 5.228797346353530884e-02 3.057154081761837006e-02 4.739392548799514771e-02 1.371782366186380386e-02 3.902370855212211609e-02 1.836465299129486084e-01 1.121795549988746643e-02 7.060594856739044189e-03 1.641209423542022705e-02 5.191161856055259705e-02 4.488452896475791931e-02 6.675885058939456940e-03 1.233462803065776825e-02 2.236174233257770538e-02
4.497313871979713440e-02 4.045115038752555847e-02 -8.302551507949829102e-01 1.452171951532363892e-01 7.264136802405118942e-03 4.912635684013366699e-02 5.277917534112930298e-02 6.282465904951095581e-02 5.649155750870704651e-02 1.385082863271236420e-02 1.712423563003540039e-02 8.177357912063598633e-02 8.419788442552089691e-03 9.042992256581783295e-03 1.169847976416349411e-02 1.225053593516349792e-01 7.058291137218475342e-02 1.999641535803675652e-03 1.895507797598838806e-02 1.517480984330177307e-02
6.540214270353317261e-02 2.638288401067256927e-02 1.221572905778884888e-01 -7.463346123695373535e-01 2.068060915917158127e-03 4.005648568272590637e-02 1.985590606927871704e-01 5.811808630824089050e-02 2.178004011511802673e-02 5.312439519912004471e-03 1.025327295064926147e-02 3.934741392731666565e-02 3.499724669381976128e-03 4.141741897910833359e-03 2.053500339388847351e-02 7.010352611541748047e-02 3.877340629696846008e-02 1.478677615523338318e-03 7.662782911211252213e-03 1.070258021354675293e-02
6.951450556516647339e-02 2.110701799392700195e-02 1.597996242344379425e-02 5.408211611211299896e-03 -4.401440620422363281e-01 8.461454883217811584e-03 4.436028189957141876e-03 1.904356852173805237e-02 1.225873455405235291e-02 2.002550661563873291e-02 3.206652402877807617e-02 7.355059962719678879e-03 1.073862332850694656e-02 2.126764692366123199e-02 4.267158918082714081e-03 7.588833570480346680e-02 3.375846147537231445e-02 5.336013156920671463e-03 2.296930365264415741e-02 5.026197060942649841e-02
8.122799545526504517e-02 1.218300089240074158e-01 5.433199927210807800e-02 5.266385152935981750e-02 4.253969527781009674e-03 -9.834235906600952148e-01 1.584424972534179688e-01 2.926922589540481567e-02 6.578029692173004150e-02 1.529710181057453156e-02 5.136256292462348938e-02 1.357535868883132935e-01 2.230942249298095703e-02 7.635312154889106750e-03 2.174644730985164642e-02 6.471957266330718994e-02 5.500225722789764404e-02 3.499301848933100700e-03 1.297445222735404968e-02 2.532374672591686249e-02
1.133527606725692749e-01 5.555288493633270264e-02 4.641051590442657471e-02 2.075592726469039917e-01 1.773194642737507820e-03 1.259749978780746460e-01 -9.470522999763488770e-01 4.069845750927925110e-02 1.877753436565399170e-02 1.289064530283212662e-02 2.363115362823009491e-02 1.026393622159957886e-01 7.922348566353321075e-03 5.269633140414953232e-03 2.565823122859001160e-02 6.396522372961044312e-02 5.543920025229454041e-02 2.176364650949835777e-03 8.519259281456470490e-03 2.884119749069213867e-02
9.153838455677032471e-02 2.369652129709720612e-02 4.030383750796318054e-02 4.432270303368568420e-02 5.553578026592731476e-03 1.697799563407897949e-02 2.969206310808658600e-02 -4.148089289665222168e-01 9.795675985515117645e-03 3.842357080429792404e-03 8.374232798814773560e-03 2.218305133283138275e-02 3.454803721979260445e-03 3.788287984207272530e-03 1.198437996208667755e-02 6.340559571981430054e-02 2.056359872221946716e-02 1.955920597538352013e-03 4.029894713312387466e-03 9.346057660877704620e-03
3.135457262396812439e-02 7.655698060989379883e-02 7.552567869424819946e-02 3.461532294750213623e-02 7.450149394571781158e-03 7.951807230710983276e-02 2.854932472109794617e-02 2.041405253112316132e-02 -6.402869820594787598e-01 9.811893105506896973e-03 2.876796759665012360e-02 3.596403822302818298e-02 7.494578137993812561e-03 2.692552469670772552e-02 1.220363657921552658e-02 3.999583795666694641e-02 2.654538303613662720e-02 6.192408967763185501e-03 7.802893221378326416e-02 1.437261980026960373e-02
2.919053286314010620e-02 1.092843618243932724e-02 9.132665582001209259e-03 4.164035432040691376e-03 6.002242676913738251e-03 9.119894355535507202e-03 9.665907360613346100e-03 3.949146252125501633e-03 4.839087370783090591e-03 -7.935832738876342773e-01 1.974511742591857910e-01 1.382562704384326935e-02 5.588901415467262268e-02 3.255397081375122070e-02 5.634092260152101517e-03 1.381615176796913147e-02 4.243919998407363892e-02 2.491270890459418297e-03 1.115987729281187057e-02 3.313310444355010986e-01
3.332436084747314453e-02 2.230300754308700562e-02 8.100187405943870544e-03 5.765606649219989777e-03 6.895155180245637894e-03 2.196794562041759491e-02 1.271203253418207169e-02 6.174653768539428711e-03 1.017845794558525085e-02 1.416517049074172974e-01 -5.994421243667602539e-01 1.569659262895584106e-02 7.747102528810501099e-02 6.155182793736457825e-02 9.308942593634128571e-03 1.643616147339344025e-02 2.319690212607383728e-02 6.688130553811788559e-03 1.865997165441513062e-02 1.013594269752502441e-01
7.101908326148986816e-02 2.161800116300582886e-01 7.967000454664230347e-02 4.557184502482414246e-02 3.257439006119966507e-03 1.195892170071601868e-01 1.137213259935379028e-01 3.368889912962913513e-02 2.620832249522209167e-02 2.042889408767223358e-02 3.232982382178306580e-02 -9.813513755798339844e-01 1.638843677937984467e-02 6.196844391524791718e-03 2.220942825078964233e-02 6.791976839303970337e-02 6.939058005809783936e-02 2.161805750802159309e-03 1.020304020494222641e-02 2.521665766835212708e-02
3.983133286237716675e-02 1.998206228017807007e-02 1.241300068795681000e-02 6.133495829999446869e-03 7.196683902293443680e-03 2.973875589668750763e-02 1.328237261623144150e-02 7.939307950437068939e-03 8.264406584203243256e-03 1.249626502394676208e-01 2.414520978927612305e-01 2.479883469641208649e-02 -7.460155487060546875e-01 3.945537656545639038e-02 5.729030352085828781e-03 2.217298746109008789e-02 4.582072794437408447e-02 5.332392640411853790e-03 1.367122679948806763e-02 7.783883064985275269e-02
1.631306298077106476e-02 7.538246922194957733e-03 7.990799844264984131e-03 4.350706003606319427e-03 8.542909286916255951e-03 6.100476253777742386e-03 5.295471753925085068e-03 5.218008067458868027e-03 1.779635995626449585e-02 4.362748935818672180e-02 1.149833947420120239e-01 5.620394833385944366e-03 2.364877611398696899e-02 -5.005163550376892090e-01 4.648003261536359787e-03 1.642392203211784363e-02 1.185808703303337097e-02 1.944525726139545441e-02 1.482076793909072876e-01 3.290732949972152710e-02
1.062349677085876465e-01 2.864676341414451599e-02 1.690012775361537933e-02 3.526581823825836182e-02 2.802254864946007729e-03 2.840584702789783478e-02 4.215348139405250549e-02 2.698732540011405945e-02 1.318677980452775955e-02 1.234419364482164383e-02 2.843001298606395721e-02 3.293184936046600342e-02 5.613918416202068329e-03 7.598868105560541153e-03 -5.387080907821655273e-01 7.293500751256942749e-02 4.177862778306007385e-02 2.318613929674029350e-03 6.608614232391119003e-03 2.756506577134132385e-02
1.799351125955581665e-01 4.168020561337471008e-02 8.140843361616134644e-02 5.537997558712959290e-02 2.292437851428985596e-02 3.888739272952079773e-02 4.833974689245223999e-02 6.567885726690292358e-02 1.988007314503192902e-02 1.392449904233217239e-02 2.309036627411842346e-02 4.632641002535820007e-02 9.994542226195335388e-03 1.235131174325942993e-02 3.354978561401367188e-02 -9.031326174736022949e-01 1.681347191333770752e-01 3.582061966881155968e-03 1.272217184305191040e-02 2.534265071153640747e-02
1.230437830090522766e-01 4.191367700695991516e-02 5.455162748694419861e-02 3.562383726239204407e-02 1.186039112508296967e-02 3.843682259321212769e-02 4.872716963291168213e-02 2.477370202541351318e-02 1.534567493945360184e-02 4.974546283483505249e-02 3.790131211280822754e-02 5.504612997174263000e-02 2.402118779718875885e-02 1.037157326936721802e-02 2.235124446451663971e-02 1.955470293760299683e-01 -8.925981521606445312e-01 2.647418295964598656e-03 1.058167964220046997e-02 9.010834991931915283e-02
1.143377088010311127e-02 1.925051398575305939e-02 4.772376269102096558e-03 4.195218905806541443e-03 5.789054557681083679e-03 7.551318034529685974e-03 5.906909704208374023e-03 7.276413962244987488e-03 1.105429418385028839e-02 9.017407894134521484e-03 3.374452888965606689e-02 5.295626353472471237e-03 8.632349781692028046e-03 5.251920223236083984e-02 3.830455243587493896e-03 1.286474894732236862e-02 8.175172843039035797e-03 -2.725001275539398193e-01 5.044195055961608887e-02 1.074881013482809067e-02
1.807749830186367035e-02 1.673363149166107178e-02 2.128328941762447357e-02 1.022817846387624741e-02 1.172382384538650513e-02 1.317228376865386963e-02 1.087830401957035065e-02 7.053271401673555374e-03 6.553264707326889038e-02 1.900425367057323456e-02 4.429352656006813049e-02 1.175874378532171249e-02 1.041226182132959366e-02 1.883240491151809692e-01 5.136449355632066727e-03 2.149612456560134888e-02 1.537303719669580460e-02 2.373135648667812347e-02 -5.339243412017822266e-01 1.971164345741271973e-02
1.001650616526603699e-01 1.544663682579994202e-02 8.675620891153812408e-03 7.273850962519645691e-03 1.306246314197778702e-02 1.309073809534311295e-02 1.875153370201587677e-02 8.328935131430625916e-03 6.146135274320840836e-03 2.872881293296813965e-01 1.225060597062110901e-01 1.479731872677803040e-02 3.018547408282756805e-02 2.129079401493072510e-02 1.090876944363117218e-02 2.180293761193752289e-02 6.665523350238800049e-02 2.574869198724627495e-03 1.003660820424556732e-02 -7.789871096611022949e-01
