-8.326822519302368164e-01 6.097574904561042786e-02 1.812778227031230927e-02 5.867578461766242981e-02 2.021337114274501801e-02 4.211771115660667419e-02 8.896894007921218872e-02 8.511149883270263672e-02 1.790958270430564880e-02 2.303930930793285370e-02 4.206734523177146912e-02 3.004391677677631378e-02 1.031399983912706375e-02 8.891239762306213379e-03 4.345126077532768250e-02 1.052577719092369080e-01 7.427799701690673828e-02 4.546578973531723022e-03 8.187527768313884735e-03 9.050483256578445435e-02
8.429373800754547119e-02 -7.750980257987976074e-01 2.062134072184562683e-02 2.751336432993412018e-02 7.545402739197015762e-03 1.053627729415893555e-01 5.955770239233970642e-02 4.387274757027626038e-02 5.422652140259742737e-02 1.107089128345251083e-02 4.475847259163856506e-02 1.201872378587722778e-01 8.359400555491447449e-03 9.691438637673854828e-03 2.423228882253170013e-02 4.986050724983215332e-02 5.775843933224678040e-02 8.403270505368709564e-03 1.064515300095081329e-02 2.713731862604618073e-02
5.516522750258445740e-02 4.539410769939422607e-02 -8.443652987480163574e-01 1.430504918098449707e-01 8.103268221020698547e-03 4.980683699250221252e-02 6.659901887178421021e-02 8.274789899587631226e-02 4.597434774041175842e-02 1.871291920542716980e-02 1.843607425689697266e-02 9.121361374855041504e-02 1.075940858572721481e-02 8.245185017585754395e-03 1.059144549071788788e-02 9.165136516094207764e-02 6.167110800743103027e-02 1.516195596195757389e-03 2.092587016522884369e-02 1.380095630884170532e-02
1.077610775828361511e-01 3.655178099870681763e-02 8.633196353912353516e-02 -8.433895111083984375e-01 2.366372151300311089e-03 4.222621396183967590e-02 2.015328258275985718e-01 1.057553365826606750e-01 3.661781549453735352e-02 5.967725068330764771e-03 2.006577886641025543e-02 2.748618461191654205e-02 2.058719517663121223e-03 4.878247156739234924e-03 3.504764661192893982e-02 6.337333470582962036e-02 4.376455768942832947e-02 1.067061908543109894e-03 5.724219139665365219e-03 1.481266040354967117e-02
1.005641222000122070e-01 2.715492062270641327e-02 1.324779912829399109e-02 6.410387810319662094e-03 -6.010398268699645996e-01 1.327003352344036102e-02 3.107721917331218719e-03 2.213830873370170593e-02 2.258700691163539886e-02 2.449449338018894196e-02 4.665115848183631897e-02 8.497608825564384460e-03 7.228825241327285767e-03 2.790691331028938293e-02 5.088843870908021927e-03 1.060430184006690979e-01 4.555983468890190125e-02 1.373127195984125137e-02 4.247605428099632263e-02 6.488153338432312012e-02
8.938710391521453857e-02 1.617555469274520874e-01 3.473588079214096069e-02 4.879656434059143066e-02 5.660800728946924210e-03 -9.604244232177734375e-01 1.383026391267776489e-01 3.210901096463203430e-02 6.554454565048217773e-02 1.682687178254127502e-02 4.571424797177314758e-02 1.202377155423164368e-01 2.658316679298877716e-02 6.283055059611797333e-03 2.191065438091754913e-02 4.977182298898696899e-02 5.695560202002525330e-02 2.941146492958068848e-03 8.347277529537677765e-03 2.856075391173362732e-02
1.438810378313064575e-01 6.967306137084960938e-02 3.539257869124412537e-02 1.774630546569824219e-01 1.010189880616962910e-03 1.053866147994995117e-01 -9.412484169006347656e-01 4.778427258133888245e-02 2.801207825541496277e-02 1.552884653210639954e-02 2.028713189065456390e-02 7.936310023069381714e-02 6.406648084521293640e-03 6.463110446929931641e-03 4.490469396114349365e-02 5.011714622378349304e-02 5.729352310299873352e-02 4.838316701352596283e-03 9.095235727727413177e-03 3.834778070449829102e-02
9.447018057107925415e-02 3.522598743438720703e-02 3.018163144588470459e-02 6.391543149948120117e-02 4.939086735248565674e-03 1.679280772805213928e-02 3.279641270637512207e-02 -4.161345362663269043e-01 1.023350097239017487e-02 2.948874374851584435e-03 7.844730280339717865e-03 1.495723612606525421e-02 2.110435394570231438e-03 1.894157729111611843e-03 1.370815373957157135e-02 5.298811569809913635e-02 1.583574153482913971e-02 2.523264382034540176e-03 2.035028999671339989e-03 1.073377951979637146e-02
4.330255463719367981e-02 9.484220296144485474e-02 3.652774542570114136e-02 4.820781573653221130e-02 1.097696926444768906e-02 7.467143237590789795e-02 4.188015311956405640e-02 2.229183539748191833e-02 -7.097464799880981445e-01 1.536042615771293640e-02 3.732334822416305542e-02 2.774277701973915100e-02 4.583570640534162521e-03 3.031757473945617676e-02 1.313468161970376968e-02 4.364776238799095154e-02 2.987252362072467804e-02 1.172901969403028488e-02 1.021313369274139404e-01 2.120273746550083160e-02
3.513991087675094604e-02 1.221449766308069229e-02 9.378902614116668701e-03 4.956065211445093155e-03 7.509229704737663269e-03 1.209273189306259155e-02 1.464553456753492355e-02 4.052107688039541245e-03 9.689613245427608490e-03 -7.743701338768005371e-01 1.910323947668075562e-01 1.670315675437450409e-02 4.742589592933654785e-02 2.700544334948062897e-02 5.009168293327093124e-03 1.354781258851289749e-02 3.639398142695426941e-02 2.169057028368115425e-03 1.195115968585014343e-02 3.134534657001495361e-01
3.747421875596046448e-02 2.884194627404212952e-02 5.396785680204629898e-03 9.732860140502452850e-03 8.353060111403465271e-03 1.918796449899673462e-02 1.117488276213407516e-02 6.295917090028524399e-03 1.375118084251880646e-02 1.115740612149238586e-01 -5.476292967796325684e-01 1.473348867148160934e-02 6.400851905345916748e-02 5.376278981566429138e-02 9.727668017148971558e-03 1.125953905284404755e-02 1.978660933673381805e-02 7.987506687641143799e-03 1.725911721587181091e-02 9.732120484113693237e-02
7.598460465669631958e-02 2.198817729949951172e-01 7.580675929784774780e-02 3.785127028822898865e-02 4.319778643548488617e-03 1.432846337556838989e-01 1.241144984960556030e-01 3.408112376928329468e-02 2.901956625282764435e-02 2.769723162055015564e-02 4.182993248105049133e-02 -1.039417028427124023e+00 1.669388636946678162e-02 9.192123077809810638e-03 3.086602687835693359e-02 5.518365278840065002e-02 6.903263926506042480e-02 3.811527509242296219e-03 1.204174477607011795e-02 2.872424386441707611e-02
3.174925595521926880e-02 1.861415617167949677e-02 1.088363770395517349e-02 3.450647229328751564e-03 4.472700878977775574e-03 3.855697810649871826e-02 1.219472847878932953e-02 5.852911621332168579e-03 5.835556425154209137e-03 9.571737051010131836e-02 2.211855500936508179e-01 2.031864970922470093e-02 -6.551742553710937500e-01 3.077155351638793945e-02 5.710247904062271118e-03 1.305618416517972946e-02 2.944693714380264282e-02 4.661867395043373108e-03 1.688926108181476593e-02 8.580605685710906982e-02
1.371861156076192856e-02 1.081677805632352829e-02 4.180493298918008804e-03 4.098345991224050522e-03 8.654766716063022614e-03 4.567815922200679779e-03 6.166294682770967484e-03 2.633040072396397591e-03 1.934702694416046143e-02 2.731919847428798676e-02 9.311982989311218262e-02 5.607827566564083099e-03 1.542378123849630356e-02 -4.018565416336059570e-01 2.557342173531651497e-03 1.034800149500370026e-02 7.852995768189430237e-03 2.089816518127918243e-02 1.206299364566802979e-01 2.391630224883556366e-02
1.288498491048812866e-01 5.198017880320549011e-02 1.032086182385683060e-02 5.658969655632972717e-02 3.033167216926813126e-03 3.061446920037269592e-02 8.233948051929473877e-02 3.662300482392311096e-02 1.610916294157505035e-02 9.739034809172153473e-03 3.238193318247795105e-02 3.619038313627243042e-02 5.500853527337312698e-03 4.914988297969102859e-03 -6.512416005134582520e-01 6.906735152006149292e-02 4.514302685856819153e-02 2.043548505753278732e-03 3.514916636049747467e-03 2.628569491207599640e-02
1.825724691152572632e-01 6.256041675806045532e-02 5.223953351378440857e-02 5.985281988978385925e-02 3.697080165147781372e-02 4.067752510309219360e-02 5.375294387340545654e-02 8.280432969331741333e-02 3.131230175495147705e-02 1.540703605860471725e-02 2.192371897399425507e-02 3.784621879458427429e-02 7.356833666563034058e-03 1.163294631987810135e-02 4.039916768670082092e-02 -9.380481243133544922e-01 1.603414267301559448e-01 5.996318068355321884e-03 1.114812958985567093e-02 2.325321733951568604e-02
1.531868427991867065e-01 8.616651594638824463e-02 4.179479926824569702e-02 4.914516210556030273e-02 1.888596080243587494e-02 5.534616857767105103e-02 7.306369394063949585e-02 2.942341938614845276e-02 2.548033371567726135e-02 4.921070486307144165e-02 4.580840095877647400e-02 5.629199743270874023e-02 1.972854137420654297e-02 1.049660239368677139e-02 3.139571473002433777e-02 1.906452029943466187e-01 -1.063113570213317871e+00 5.651945248246192932e-03 1.161113474518060684e-02 1.097804978489875793e-01
2.137382887303829193e-02 2.857641689479351044e-02 2.342243446037173271e-03 2.731392858549952507e-03 1.297490112483501434e-02 6.514844950288534164e-03 1.406457927078008652e-02 1.068695168942213058e-02 2.280506305396556854e-02 6.685553118586540222e-03 4.215230792760848999e-02 7.084800861775875092e-03 7.119526620954275131e-03 6.367338448762893677e-02 3.239672165364027023e-03 1.625178754329681396e-02 1.288351230323314667e-02 -3.472815155982971191e-01 4.345364496111869812e-02 2.266710437834262848e-02
1.377884950488805771e-02 1.295907236635684967e-02 1.157238706946372986e-02 5.245337262749671936e-03 1.436812337487936020e-02 6.619038060307502747e-03 9.464746341109275818e-03 3.085491247475147247e-03 7.108715176582336426e-02 1.318678818643093109e-02 3.260553255677223206e-02 8.012730628252029419e-03 9.233457967638969421e-03 1.315732002258300781e-01 1.994774211198091507e-03 1.081635989248752594e-02 9.474877268075942993e-03 1.555567327886819839e-02 -3.988895714282989502e-01 1.825597882270812988e-02
9.942473471164703369e-02 2.156509831547737122e-02 4.982084035873413086e-03 8.860387839376926422e-03 1.432647928595542908e-02 1.478366740047931671e-02 2.604939974844455719e-02 1.062352955341339111e-02 9.633554145693778992e-03 2.257691323757171631e-01 1.200169846415519714e-01 1.247677300125360489e-02 3.062204644083976746e-02 1.702820323407649994e-02 9.737794287502765656e-03 1.472735125571489334e-02 5.847720801830291748e-02 5.296891555190086365e-03 1.191701926290988922e-02 -7.163183093070983887e-01
