-9.616178274154663086e-01 2.759817428886890411e-02 2.974645979702472687e-02 4.492474719882011414e-02 1.773227751255035400e-02 3.386474400758743286e-02 7.852128148078918457e-02 9.925001859664916992e-02 1.037945970892906189e-02 2.087731659412384033e-02 3.714264556765556335e-02 5.655809864401817322e-02 1.741165667772293091e-02 1.044688839465379715e-02 5.786784365773200989e-02 1.826443374156951904e-01 1.141248196363449097e-01 2.409298671409487724e-03 1.006590761244297028e-02 1.100517809391021729e-01
5.255121365189552307e-02 -8.562268018722534180e-01 3.183729946613311768e-02 1.708241552114486694e-02 9.726824238896369934e-03 9.516979753971099854e-02 3.675525635480880737e-02 4.627222940325737000e-02 4.607402905821800232e-02 1.187153812497854233e-02 3.919143229722976685e-02 2.558896839618682861e-01 1.348488964140415192e-02 6.443316116929054260e-03 3.093341551721096039e-02 7.480247318744659424e-02 3.914723545312881470e-02 1.368145272135734558e-02 1.459267735481262207e-02 2.071967162191867828e-02
5.945668742060661316e-02 3.341944515705108643e-02 -1.149241566658020020e+00 2.164962887763977051e-01 5.990490317344665527e-03 5.215550586581230164e-02 6.782963126897811890e-02 8.049362897872924805e-02 7.341075688600540161e-02 2.251199260354042053e-02 1.581808179616928101e-02 1.370473206043243408e-01 6.291550584137439728e-03 7.627263199537992477e-03 1.559944078326225281e-02 1.962188780307769775e-01 1.040974259376525879e-01 2.216757275164127350e-03 3.188763186335563660e-02 2.067280188202857971e-02
6.824646890163421631e-02 1.362829282879829407e-02 1.645430624485015869e-01 -8.753685355186462402e-01 1.967870863154530525e-03 3.660275414586067200e-02 2.674817442893981934e-01 6.701163202524185181e-02 2.390134893357753754e-02 5.740201100707054138e-03 1.031448226422071457e-02 4.701583459973335266e-02 3.519830061122775078e-03 3.867952851578593254e-03 2.164800092577934265e-02 7.488373667001724243e-02 3.437323868274688721e-02 2.008730778470635414e-03 1.251485198736190796e-02 1.609849929809570312e-02
8.309990912675857544e-02 2.393892966210842133e-02 1.404536422342061996e-02 6.070690229535102844e-03 -4.832531809806823730e-01 6.189522333443164825e-03 7.079986389726400375e-03 2.672842331230640411e-02 7.347063161432743073e-03 1.566142216324806213e-02 3.306663036346435547e-02 1.086435653269290924e-02 9.229447692632675171e-03 1.681811176240444183e-02 7.397065870463848114e-03 8.681088685989379883e-02 3.600685670971870422e-02 1.029944326728582382e-02 1.760993152856826782e-02 6.498914957046508789e-02
7.213620096445083618e-02 1.064638495445251465e-01 5.558276548981666565e-02 5.132448673248291016e-02 2.813367871567606926e-03 -1.104212880134582520e+00 2.226437479257583618e-01 2.985532023012638092e-02 7.733502238988876343e-02 1.170919183641672134e-02 5.902334675192832947e-02 1.822969913482666016e-01 2.545660920441150665e-02 6.384877953678369522e-03 3.707560524344444275e-02 7.121994346380233765e-02 5.199205502867698669e-02 3.579815849661827087e-03 1.192820630967617035e-02 2.539140544831752777e-02
1.119291484355926514e-01 2.751521207392215729e-02 4.837376624345779419e-02 2.509894371032714844e-01 2.153536537662148476e-03 1.489913016557693481e-01 -1.012818455696105957e+00 4.789512977004051208e-02 1.874494738876819611e-02 1.039700862020254135e-02 1.837469637393951416e-02 1.288956701755523682e-01 8.841108530759811401e-03 4.825412761420011520e-03 3.105046972632408142e-02 5.606399849057197571e-02 4.946300759911537170e-02 2.699010074138641357e-03 8.567334152758121490e-03 3.704829141497612000e-02
1.102691143751144409e-01 2.699860744178295135e-02 4.474240913987159729e-02 4.900934919714927673e-02 6.336662452667951584e-03 1.557182800024747849e-02 3.733007237315177917e-02 -5.011920332908630371e-01 8.082784712314605713e-03 4.461100324988365173e-03 9.040643461048603058e-03 2.882156707346439362e-02 4.188030492514371872e-03 3.482427913695573807e-03 1.424709428101778030e-02 8.716913312673568726e-02 2.434337325394153595e-02 4.636771511286497116e-03 5.137399770319461823e-03 1.732370816171169281e-02
3.403093665838241577e-02 7.933285087347030640e-02 1.204185709357261658e-01 5.158542841672897339e-02 5.140163470059633255e-03 1.190337166190147400e-01 4.311491921544075012e-02 2.385266311466693878e-02 -8.630256056785583496e-01 1.023897249251604080e-02 3.897533193230628967e-02 6.069873273372650146e-02 8.878570981323719025e-03 2.879391238093376160e-02 2.893810905516147614e-02 5.452750250697135925e-02 3.256326168775558472e-02 4.662544932216405869e-03 1.058740615844726562e-01 1.236533746123313904e-02
3.555769473314285278e-02 1.061850879341363907e-02 1.918260008096694946e-02 6.435635965317487717e-03 5.691858008503913879e-03 9.362253360450267792e-03 1.242257189005613327e-02 6.838764064013957977e-03 5.318829789757728577e-03 -9.751571416854858398e-01 2.151055335998535156e-01 2.249127253890037537e-02 6.764241307973861694e-02 3.989558294415473938e-02 8.127875626087188721e-03 2.864732220768928528e-02 7.593424618244171143e-02 3.701142966747283936e-03 1.597630977630615234e-02 3.862067162990570068e-01
4.001715406775474548e-02 2.217492274940013885e-02 8.526322431862354279e-03 7.315201219171285629e-03 7.601989898830652237e-03 2.985326014459133148e-02 1.388793531805276871e-02 8.766967803239822388e-03 1.280748937278985977e-02 1.360711306333541870e-01 -6.906886696815490723e-01 2.138855680823326111e-02 8.199466019868850708e-02 7.337900996208190918e-02 1.890365593135356903e-02 2.737025171518325806e-02 2.739334851503372192e-02 9.385078214108943939e-03 1.835728250443935394e-02 1.254944354295730591e-01
7.673341035842895508e-02 1.823224276304244995e-01 9.302395582199096680e-02 4.198936372995376587e-02 3.145267954096198082e-03 1.161084249615669250e-01 1.226795390248298645e-01 3.519524633884429932e-02 2.511713281273841858e-02 1.791615597903728485e-02 2.693380974233150482e-02 -9.739882946014404297e-01 1.726190373301506042e-02 5.544890649616718292e-03 2.623351104557514191e-02 6.984080374240875244e-02 7.540878653526306152e-02 3.189100883901119232e-03 8.213944733142852783e-03 2.713055908679962158e-02
6.768218427896499634e-02 2.752829343080520630e-02 1.223563496023416519e-02 9.006610140204429626e-03 7.655506487935781479e-03 4.645466804504394531e-02 2.410932816565036774e-02 1.465280633419752121e-02 1.052635721862316132e-02 1.543812006711959839e-01 2.958328723907470703e-01 4.945762455463409424e-02 -1.032739400863647461e+00 3.920458629727363586e-02 1.082699932157993317e-02 3.626119717955589294e-02 7.409794628620147705e-02 6.696448661386966705e-03 1.588924042880535126e-02 1.302399039268493652e-01
2.346919476985931396e-02 7.601832505315542221e-03 8.572638966143131256e-03 5.720023997128009796e-03 8.062179200351238251e-03 6.733772344887256622e-03 7.604836020618677139e-03 7.041579112410545349e-03 1.972934789955615997e-02 5.262318626046180725e-02 1.530064344406127930e-01 9.181519038975238800e-03 2.265759743750095367e-02 -6.484854221343994141e-01 8.796139620244503021e-03 3.618028387427330017e-02 1.532545220106840134e-02 1.991426758468151093e-02 1.869782209396362305e-01 4.928692057728767395e-02
1.102394387125968933e-01 3.094747476279735565e-02 1.486768200993537903e-02 2.714706957340240479e-02 3.006929066032171249e-03 3.315755724906921387e-02 4.149655252695083618e-02 2.442883141338825226e-02 1.681398414075374603e-02 9.091129526495933533e-03 3.342505544424057007e-02 3.683549165725708008e-02 5.306077189743518829e-03 7.459000218659639359e-03 -5.822694897651672363e-01 9.926281124353408813e-02 5.096787959337234497e-02 2.674556104466319084e-03 8.728461340069770813e-03 2.641349472105503082e-02
2.157995700836181641e-01 4.641496017575263977e-02 1.159897893667221069e-01 5.824214220046997070e-02 2.188681438565254211e-02 3.950395435094833374e-02 4.646999388933181763e-02 9.270088374614715576e-02 1.964991912245750427e-02 1.987327635288238525e-02 3.001579269766807556e-02 6.082245334982872009e-02 1.102179381996393204e-02 1.902852579951286316e-02 6.156462803483009338e-02 -1.115131497383117676e+00 1.952037811279296875e-01 6.660033483058214188e-03 2.438195608556270599e-02 2.990121766924858093e-02
1.554408073425292969e-01 2.800165116786956787e-02 7.093483209609985352e-02 3.081845492124557495e-02 1.046487782150506973e-02 3.324424475431442261e-02 4.726173356175422668e-02 2.984299510717391968e-02 1.352738030254840851e-02 6.072447076439857483e-02 3.463033586740493774e-02 7.570372521877288818e-02 2.596312016248703003e-02 9.291525930166244507e-03 3.644028678536415100e-02 2.250239849090576172e-01 -9.874075651168823242e-01 2.669902285560965538e-03 1.153996866196393967e-02 8.588328212499618530e-02
1.471309736371040344e-02 4.387764260172843933e-02 6.772767286747694016e-03 8.074964396655559540e-03 1.342119369655847549e-02 1.026286650449037552e-02 1.156277488917112350e-02 2.548624388873577118e-02 8.684349246323108673e-03 1.327059511095285416e-02 5.319587513804435730e-02 1.435463130474090576e-02 1.052019372582435608e-02 5.413355305790901184e-02 8.573643863201141357e-03 3.442274406552314758e-02 1.197081804275512695e-02 -4.488514363765716553e-01 8.093374222517013550e-02 2.461976557970046997e-02
2.467569522559642792e-02 1.878663711249828339e-02 3.910869359970092773e-02 2.019517496228218079e-02 9.211664088070392609e-03 1.372733246535062790e-02 1.473351195454597473e-02 1.133539061993360519e-02 7.916018366813659668e-02 2.299502864480018616e-02 4.176874831318855286e-02 1.484152581542730331e-02 1.002040505409240723e-02 2.040310502052307129e-01 1.123193092644214630e-02 5.058719590306282043e-02 2.076997980475425720e-02 3.248872235417366028e-02 -6.653001904487609863e-01 2.563126012682914734e-02
1.348967403173446655e-01 1.333781983703374863e-02 1.267763692885637283e-02 1.298958342522382736e-02 1.699844561517238617e-02 1.461119297891855240e-02 3.185786679387092590e-02 1.911269687116146088e-02 4.622864071279764175e-03 2.779491245746612549e-01 1.427760720252990723e-01 2.451170049607753754e-02 4.106900468468666077e-02 2.689211070537567139e-02 1.699536666274070740e-02 3.102050535380840302e-02 7.729084044694900513e-02 4.941682331264019012e-03 1.281615998595952988e-02 -9.173674583435058594e-01
