-9.509181976318359375e-01 2.749683335423469543e-02 3.012918122112751007e-02 4.470726847648620605e-02 1.767806895077228546e-02 3.262840583920478821e-02 7.755367457866668701e-02 9.947009384632110596e-02 1.102818921208381653e-02 2.075628377497196198e-02 3.742249682545661926e-02 5.660331249237060547e-02 1.703883334994316101e-02 1.078112795948982239e-02 5.581658333539962769e-02 1.781902760267257690e-01 1.139412522315979004e-01 2.535428619012236595e-03 9.884946048259735107e-03 1.072559431195259094e-01
5.243836715817451477e-02 -8.495182991027832031e-01 3.107628785073757172e-02 1.728096604347229004e-02 8.502452634274959564e-03 9.540028870105743408e-02 3.587847203016281128e-02 4.645751789212226868e-02 4.593802243471145630e-02 1.149275433272123337e-02 3.923796862363815308e-02 2.514407336711883545e-01 1.340919826179742813e-02 7.224577479064464569e-03 3.152252361178398132e-02 7.367131114006042480e-02 3.964984044432640076e-02 1.395303662866353989e-02 1.442951802164316177e-02 2.051449380815029144e-02
5.997852236032485962e-02 3.243927285075187683e-02 -1.136034131050109863e+00 2.136085480451583862e-01 5.252448376268148422e-03 5.140885710716247559e-02 6.631737202405929565e-02 7.755666971206665039e-02 7.184341549873352051e-02 2.333193644881248474e-02 1.663886755704879761e-02 1.352054029703140259e-01 6.546708289533853531e-03 7.502057589590549469e-03 1.560358610004186630e-02 1.952295899391174316e-01 1.024795919656753540e-01 2.073574112728238106e-03 3.189357370138168335e-02 2.112409844994544983e-02
6.728794425725936890e-02 1.363831199705600739e-02 1.614987999200820923e-01 -8.573940992355346680e-01 1.975247636437416077e-03 3.575705736875534058e-02 2.575415074825286865e-01 6.646829098463058472e-02 2.457025274634361267e-02 5.588797386735677719e-03 1.123014464974403381e-02 4.771706834435462952e-02 3.553642658516764641e-03 4.148337524384260178e-03 2.216380275785923004e-02 6.931938976049423218e-02 3.318430110812187195e-02 2.020112238824367523e-03 1.241048052906990051e-02 1.732061989605426788e-02
8.389825373888015747e-02 2.115903422236442566e-02 1.252193562686443329e-02 6.228458136320114136e-03 -4.824573397636413574e-01 5.563668906688690186e-03 7.416707463562488556e-03 2.406926080584526062e-02 8.142895996570587158e-03 1.767592504620552063e-02 3.492405638098716736e-02 1.220926549285650253e-02 9.740963578224182129e-03 1.926276832818984985e-02 6.959100253880023956e-03 8.669782429933547974e-02 3.285693377256393433e-02 1.150686852633953094e-02 1.736350357532501221e-02 6.425992399454116821e-02
6.933164596557617188e-02 1.062964797019958496e-01 5.487381294369697571e-02 5.048220232129096985e-02 2.491029445081949234e-03 -1.091781377792358398e+00 2.186516523361206055e-01 3.092361055314540863e-02 7.844069600105285645e-02 1.176795177161693573e-02 5.972622707486152649e-02 1.799311488866806030e-01 2.536723576486110687e-02 7.268762215971946716e-03 3.585348278284072876e-02 6.812544912099838257e-02 5.235354602336883545e-02 3.543976694345474243e-03 1.194280106574296951e-02 2.440957911312580109e-02
1.116141453385353088e-01 2.707598544657230377e-02 4.794416204094886780e-02 2.462663203477859497e-01 2.249105833470821381e-03 1.480928063392639160e-01 -1.006392121315002441e+00 4.748799279332160950e-02 1.878119632601737976e-02 1.065491605550050735e-02 1.793332397937774658e-02 1.296194791793823242e-01 9.438921697437763214e-03 4.836858250200748444e-03 3.077989444136619568e-02 5.739945173263549805e-02 4.755612462759017944e-02 2.911004936322569847e-03 8.500819094479084015e-03 3.724962472915649414e-02
1.101326346397399902e-01 2.697199210524559021e-02 4.313543811440467834e-02 4.889662936329841614e-02 5.615238100290298462e-03 1.611306145787239075e-02 3.653343394398689270e-02 -4.974134862422943115e-01 8.178115822374820709e-03 4.678314086049795151e-03 9.166316129267215729e-03 2.823705971240997314e-02 4.243286326527595520e-03 3.780636703595519066e-03 1.406856533139944077e-02 8.614007383584976196e-02 2.432498149573802948e-02 4.482230171561241150e-03 5.218581762164831161e-03 1.749691739678382874e-02
3.563611581921577454e-02 7.783805578947067261e-02 1.166177615523338318e-01 5.275172740221023560e-02 5.544302985072135925e-03 1.192866712808609009e-01 4.216893017292022705e-02 2.386799082159996033e-02 -8.604773879051208496e-01 1.040770392864942551e-02 3.754093125462532043e-02 6.140153482556343079e-02 7.949557155370712280e-03 2.944233268499374390e-02 3.026919253170490265e-02 5.430965498089790344e-02 3.235163167119026184e-02 5.052552092820405960e-03 1.052060276269912720e-01 1.283470541238784790e-02
3.600795939564704895e-02 1.045457832515239716e-02 2.033252082765102386e-02 6.441813427954912186e-03 6.461196113377809525e-03 9.607582353055477142e-03 1.284346077591180801e-02 7.330181542783975601e-03 5.587501451373100281e-03 -9.705473780632019043e-01 2.107284367084503174e-01 2.285795658826828003e-02 6.699930876493453979e-02 3.934939950704574585e-02 8.083473891019821167e-03 2.910691313445568085e-02 7.471946626901626587e-02 4.139909986406564713e-03 1.636899448931217194e-02 3.831267058849334717e-01
4.018995538353919983e-02 2.209656685590744019e-02 8.976355195045471191e-03 8.013292215764522552e-03 7.902988232672214508e-03 3.018659725785255432e-02 1.338223554193973541e-02 8.891112171113491058e-03 1.247681025415658951e-02 1.304544657468795776e-01 -6.828404068946838379e-01 2.163756452500820160e-02 8.118174970149993896e-02 7.295029610395431519e-02 1.942688785493373871e-02 2.651087567210197449e-02 2.737291157245635986e-02 9.583318606019020081e-03 1.863395422697067261e-02 1.229724138975143433e-01
7.617705315351486206e-02 1.774399578571319580e-01 9.140456467866897583e-02 4.266747087240219116e-02 3.462212625890970230e-03 1.139601394534111023e-01 1.212092414498329163e-01 3.432244434952735901e-02 2.557262778282165527e-02 1.773253455758094788e-02 2.711476758122444153e-02 -9.574608206748962402e-01 1.655839942395687103e-02 5.378318950533866882e-03 2.586699649691581726e-02 6.710197031497955322e-02 7.436947524547576904e-02 2.997590694576501846e-03 8.131777867674827576e-03 2.599328383803367615e-02
6.559792160987854004e-02 2.706989645957946777e-02 1.266090665012598038e-02 9.090021252632141113e-03 7.901946082711219788e-03 4.596081748604774475e-02 2.524967305362224579e-02 1.475465390831232071e-02 9.471243247389793396e-03 1.486865431070327759e-01 2.910207509994506836e-01 4.736813530325889587e-02 -1.014129042625427246e+00 3.823837637901306152e-02 1.071421895176172256e-02 3.659681975841522217e-02 7.629621773958206177e-02 6.730087101459503174e-03 1.526671368628740311e-02 1.254540383815765381e-01
2.436446771025657654e-02 8.561279624700546265e-03 8.516568690538406372e-03 6.228847894817590714e-03 9.172617457807064056e-03 7.730676792562007904e-03 7.595200091600418091e-03 7.716744206845760345e-03 2.059106342494487762e-02 5.126038938760757446e-02 1.535094231367111206e-01 9.031440131366252899e-03 2.244615368545055389e-02 -6.502201557159423828e-01 9.644411504268646240e-03 3.603411838412284851e-02 1.496138237416744232e-02 2.054842375218868256e-02 1.832810193300247192e-01 4.902589693665504456e-02
1.052496135234832764e-01 3.116820752620697021e-02 1.477996073663234711e-02 2.776786498725414276e-02 2.764981705695390701e-03 3.181654214859008789e-02 4.032808169722557068e-02 2.395982109010219574e-02 1.766330562531948090e-02 8.786308579146862030e-03 3.410953655838966370e-02 3.624274209141731262e-02 5.247682798653841019e-03 8.047116920351982117e-03 -5.728688836097717285e-01 9.659567475318908691e-02 5.119706690311431885e-02 2.606432884931564331e-03 8.911469951272010803e-03 2.562648989260196686e-02
2.117988467216491699e-01 4.591678828001022339e-02 1.165673136711120605e-01 5.474383756518363953e-02 2.171349152922630310e-02 3.810775279998779297e-02 4.740568995475769043e-02 9.247434884309768677e-02 1.997700892388820648e-02 1.994283311069011688e-02 2.934127114713191986e-02 5.926421657204627991e-02 1.129880920052528381e-02 1.895225048065185547e-02 6.088915467262268066e-02 -1.100099802017211914e+00 1.904199719429016113e-01 6.766229867935180664e-03 2.340853773057460785e-02 3.111146576702594757e-02
1.557291299104690552e-01 2.841605804860591888e-02 7.035870105028152466e-02 3.013439476490020752e-02 9.462323039770126343e-03 3.367435932159423828e-02 4.516255483031272888e-02 3.002741001546382904e-02 1.368355285376310349e-02 5.886724963784217834e-02 3.483574464917182922e-02 7.552683353424072266e-02 2.708579786121845245e-02 9.048318490386009216e-03 3.710877895355224609e-02 2.189584821462631226e-01 -9.780911207199096680e-01 2.898487728089094162e-03 1.110733021050691605e-02 8.600556850433349609e-02
1.515094377100467682e-02 4.372104629874229431e-02 6.224426906555891037e-03 8.020559325814247131e-03 1.448862906545400620e-02 9.966517798602581024e-03 1.208688411861658096e-02 2.419128082692623138e-02 9.343570098280906677e-03 1.426035352051258087e-02 5.332359671592712402e-02 1.331000775098800659e-02 1.044620852917432785e-02 5.433429777622222900e-02 8.259952068328857422e-03 3.401695564389228821e-02 1.267274934798479080e-02 -4.469163417816162109e-01 7.822031527757644653e-02 2.487806044518947601e-02
2.426742017269134521e-02 1.857524737715721130e-02 3.933181613683700562e-02 2.024318277835845947e-02 8.981905877590179443e-03 1.379811763763427734e-02 1.450084149837493896e-02 1.157119590789079666e-02 7.992888242006301880e-02 2.316446974873542786e-02 4.259607195854187012e-02 1.483380328863859177e-02 9.735194034874439240e-03 1.991012841463088989e-01 1.160222571343183517e-02 4.834860935807228088e-02 1.995124854147434235e-02 3.213516995310783386e-02 -6.589822769165039062e-01 2.631553821265697479e-02
1.325534582138061523e-01 1.329425536096096039e-02 1.311412733048200607e-02 1.422243565320968628e-02 1.673369295895099640e-02 1.419692486524581909e-02 3.198709338903427124e-02 1.953024417161941528e-02 4.908733069896697998e-03 2.729375064373016357e-01 1.415117830038070679e-01 2.386978641152381897e-02 4.027207940816879272e-02 2.681035175919532776e-02 1.679583080112934113e-02 3.234823420643806458e-02 7.776916027069091797e-02 5.145148839801549911e-03 1.324746012687683105e-02 -9.112482666969299316e-01
