-8.085163831710815430e-01 4.066796600818634033e-02 2.227961644530296326e-02 4.072222486138343811e-02 1.774632930755615234e-02 3.754296153783798218e-02 6.875716894865036011e-02 7.739295810461044312e-02 1.254414860159158707e-02 2.418797276914119720e-02 3.758900985121726990e-02 3.713457658886909485e-02 1.333938073366880417e-02 9.451278485357761383e-03 3.968214616179466248e-02 1.381915211677551270e-01 8.300412446260452271e-02 3.006730927154421806e-03 8.282555267214775085e-03 9.699365496635437012e-02
6.441266089677810669e-02 -7.839139103889465332e-01 3.332760557532310486e-02 2.813360653817653656e-02 7.870689034461975098e-03 9.285575151443481445e-02 5.589318275451660156e-02 3.374356776475906372e-02 5.044940859079360962e-02 1.394393295049667358e-02 3.933766111731529236e-02 1.763686388731002808e-01 1.032013166695833206e-02 7.756337523460388184e-03 1.815658062696456909e-02 5.492638796567916870e-02 5.057488754391670227e-02 8.538190275430679321e-03 1.334839873015880585e-02 2.395630627870559692e-02
4.496811702847480774e-02 4.247000440955162048e-02 -8.258601427078247070e-01 1.463593989610671997e-01 7.195078302174806595e-03 4.873150959610939026e-02 5.297853797674179077e-02 6.353370845317840576e-02 5.471849068999290466e-02 1.411138568073511124e-02 1.684928499162197113e-02 8.042246848344802856e-02 8.017460815608501434e-03 8.215580135583877563e-03 1.253207400441169739e-02 1.189199611544609070e-01 7.119252532720565796e-02 2.507515018805861473e-03 1.723040826618671417e-02 1.490667369216680527e-02
6.476651132106781006e-02 2.825046703219413757e-02 1.153300926089286804e-01 -7.279422879219055176e-01 1.886686659418046474e-03 3.954138979315757751e-02 1.917726993560791016e-01 6.027084216475486755e-02 2.103481814265251160e-02 4.946626257151365280e-03 9.863113984465599060e-03 3.659760579466819763e-02 3.203089348971843719e-03 4.064464010298252106e-03 2.027562633156776428e-02 6.822945922613143921e-02 3.890963643789291382e-02 1.820984994992613792e-03 7.001338060945272446e-03 1.017685420811176300e-02
7.433244585990905762e-02 2.081439644098281860e-02 1.493167039006948471e-02 4.968789871782064438e-03 -4.485189020633697510e-01 8.296277374029159546e-03 4.230189602822065353e-03 2.150430902838706970e-02 1.237362902611494064e-02 2.010782808065414429e-02 3.140571713447570801e-02 7.433792110532522202e-03 1.003540679812431335e-02 2.128257974982261658e-02 4.299981519579887390e-03 7.708677649497985840e-02 3.489926829934120178e-02 5.791365634649991989e-03 2.157090604305267334e-02 5.315355956554412842e-02
8.214867115020751953e-02 1.282808929681777954e-01 5.283051729202270508e-02 5.440074950456619263e-02 4.333964549005031586e-03 -9.889426827430725098e-01 1.601885259151458740e-01 3.041445650160312653e-02 6.492063403129577637e-02 1.479615550488233566e-02 4.895526915788650513e-02 1.308523267507553101e-01 2.101887390017509460e-02 8.079994469881057739e-03 2.256107516586780548e-02 6.463486701250076294e-02 5.722964927554130554e-02 4.214018117636442184e-03 1.341771055012941360e-02 2.566431462764739990e-02
1.183150932192802429e-01 6.072425469756126404e-02 4.516740143299102783e-02 2.074865251779556274e-01 1.737849204801023006e-03 1.259741932153701782e-01 -9.607198238372802734e-01 4.222394526004791260e-02 1.911064423620700836e-02 1.315343100577592850e-02 2.324946597218513489e-02 9.747415035963058472e-02 8.004300296306610107e-03 5.529133602976799011e-03 2.796090766787528992e-02 6.553015857934951782e-02 6.017885357141494751e-02 2.572330879047513008e-03 8.168482221662998199e-03 2.815871872007846832e-02
9.316276758909225464e-02 2.564561925828456879e-02 3.789205476641654968e-02 4.561726003885269165e-02 6.180115044116973877e-03 1.673204451799392700e-02 2.953775972127914429e-02 -4.184899032115936279e-01 1.038697361946105957e-02 3.755183890461921692e-03 8.700773119926452637e-03 2.106986008584499359e-02 3.243363462388515472e-03 3.735316684469580650e-03 1.224060077220201492e-02 6.429415196180343628e-02 2.059315703809261322e-02 2.612230833619832993e-03 3.902207594364881516e-03 9.188456460833549500e-03
3.337036818265914917e-02 8.473388105630874634e-02 7.212020456790924072e-02 3.518354147672653198e-02 7.858633063733577728e-03 7.892790436744689941e-02 2.954424917697906494e-02 2.295450307428836823e-02 -6.653124094009399414e-01 1.017608959227800369e-02 2.963979914784431458e-02 3.688079118728637695e-02 8.266784250736236572e-03 2.869409695267677307e-02 1.335741486400365829e-02 4.357916116714477539e-02 2.797398343682289124e-02 7.336731534451246262e-03 7.966731488704681396e-02 1.504699513316154480e-02
3.019165433943271637e-02 1.098889298737049103e-02 8.726902306079864502e-03 3.882196033373475075e-03 5.992150399833917618e-03 8.440425619482994080e-03 9.541229344904422760e-03 3.893836401402950287e-03 4.774726927280426025e-03 -7.930650711059570312e-01 1.979633122682571411e-01 1.286859624087810516e-02 5.411813408136367798e-02 3.301151469349861145e-02 5.531532224267721176e-03 1.334953680634498596e-02 4.058642685413360596e-02 2.664210740476846695e-03 1.077728997915983200e-02 3.357625007629394531e-01
3.463443368673324585e-02 2.288426645100116730e-02 7.691865321248769760e-03 5.714026279747486115e-03 6.908536422997713089e-03 2.061459049582481384e-02 1.244910247623920441e-02 6.659845355898141861e-03 1.026603393256664276e-02 1.461317241191864014e-01 -6.117528080940246582e-01 1.443186216056346893e-02 7.556539028882980347e-02 6.407959014177322388e-02 9.952935390174388885e-03 1.603254303336143494e-02 2.287014573812484741e-02 7.032864261418581009e-03 1.741348579525947571e-02 1.104195937514305115e-01
7.354933023452758789e-02 2.205478698015213013e-01 7.891883701086044312e-02 4.557576030492782593e-02 3.515125485137104988e-03 1.184430941939353943e-01 1.121934726834297180e-01 3.466737642884254456e-02 2.745874784886837006e-02 2.041945047676563263e-02 3.102240152657032013e-02 -9.883778691291809082e-01 1.587627455592155457e-02 6.683238316327333450e-03 2.313074283301830292e-02 6.659106910228729248e-02 7.167911529541015625e-02 2.573353238403797150e-03 1.062094420194625854e-02 2.491162717342376709e-02
3.836393728852272034e-02 1.873932406306266785e-02 1.142424065619707108e-02 5.792119540274143219e-03 6.890529301017522812e-03 2.762643992900848389e-02 1.337792444974184036e-02 7.748938165605068207e-03 8.937258273363113403e-03 1.246932297945022583e-01 2.358648031949996948e-01 2.305344492197036743e-02 -7.285675406455993652e-01 3.919475525617599487e-02 5.908725783228874207e-03 2.001768536865711212e-02 4.386412352323532104e-02 5.117244087159633636e-03 1.303133927285671234e-02 7.892147451639175415e-02
1.642508246004581451e-02 8.510496467351913452e-03 7.073888089507818222e-03 4.441209137439727783e-03 8.830216713249683380e-03 6.417355034500360489e-03 5.584083031862974167e-03 5.392665043473243713e-03 1.874518394470214844e-02 4.596158489584922791e-02 1.208619102835655212e-01 5.864130798727273941e-03 2.368412911891937256e-02 -5.074796080589294434e-01 4.883623216301202774e-03 1.718966290354728699e-02 1.216637250036001205e-02 2.189906872808933258e-02 1.376657038927078247e-01 3.588325157761573792e-02
1.064821258187294006e-01 3.076074086129665375e-02 1.666124723851680756e-02 3.420872241258621216e-02 2.754725050181150436e-03 2.766746468842029572e-02 4.360242933034896851e-02 2.728621847927570343e-02 1.347361691296100616e-02 1.189157925546169281e-02 2.898581698536872864e-02 3.133796900510787964e-02 5.512998439371585846e-03 7.540613878518342972e-03 -5.291472673416137695e-01 6.636931002140045166e-02 3.892963379621505737e-02 2.750937826931476593e-03 5.740044172853231430e-03 2.719108574092388153e-02
1.671636700630187988e-01 4.194911569356918335e-02 7.127188891172409058e-02 5.189355090260505676e-02 2.226232364773750305e-02 3.573184087872505188e-02 4.606590047478675842e-02 6.460870802402496338e-02 1.981616392731666565e-02 1.293716859072446823e-02 2.104823477566242218e-02 4.067018628120422363e-02 8.419510908424854279e-03 1.196495164185762405e-02 2.991894446313381195e-02 -8.427654504776000977e-01 1.566803902387619019e-01 4.349942319095134735e-03 1.207326445728540421e-02 2.393970079720020294e-02
1.225316822528839111e-01 4.713732004165649414e-02 5.206982791423797607e-02 3.611493855714797974e-02 1.229971833527088165e-02 3.860982507467269897e-02 5.162623897194862366e-02 2.525403536856174469e-02 1.552327070385217667e-02 4.800010100007057190e-02 3.664126247167587280e-02 5.342458188533782959e-02 2.251493372023105621e-02 1.033458113670349121e-02 2.141645178198814392e-02 1.912066191434860229e-01 -8.855885267257690430e-01 3.284439677372574806e-03 1.034042891114950180e-02 8.725829422473907471e-02
1.221978943794965744e-02 2.190867997705936432e-02 5.049120169132947922e-03 4.653250798583030701e-03 5.619273986667394638e-03 7.826967164874076843e-03 6.075385957956314087e-03 8.819415234029293060e-03 1.120861619710922241e-02 8.674616925418376923e-03 3.102088347077369690e-02 5.280417390167713165e-03 7.231323514133691788e-03 5.121272057294845581e-02 4.166471306234598160e-03 1.461477484554052353e-02 9.042358025908470154e-03 -2.708395719528198242e-01 4.522492364048957825e-02 1.099061593413352966e-02
1.848692074418067932e-02 1.881094463169574738e-02 1.905455440282821655e-02 9.825672022998332977e-03 1.149472780525684357e-02 1.368694845587015152e-02 1.059545017778873444e-02 7.235518191009759903e-03 6.684371829032897949e-02 1.927180215716362000e-02 4.218311980366706848e-02 1.196914259344339371e-02 1.011350750923156738e-02 1.768108904361724854e-01 4.774566274136304855e-03 2.227739430963993073e-02 1.563471741974353790e-02 2.483755908906459808e-02 -5.244359970092773438e-01 2.052888460457324982e-02
1.009875461459159851e-01 1.574800536036491394e-02 7.689679507166147232e-03 6.662220694124698639e-03 1.321255974471569061e-02 1.221186947077512741e-02 1.703786663711071014e-02 7.947418838739395142e-03 5.889175459742546082e-03 2.800717055797576904e-01 1.247738078236579895e-01 1.309562753885984421e-02 2.857144735753536224e-02 2.149806544184684753e-02 1.055041328072547913e-02 2.060548029839992523e-02 6.154354289174079895e-02 2.815641695633530617e-03 9.576121345162391663e-03 -7.604882121086120605e-01
