-9.104546518426867578e+02 -1.033397198601554237e+03 1.229425467588674792e+02
-8.614202720903527961e+02 -9.554618648635217824e+02 9.404159277316898624e+01
-8.337251600796288358e+02 -9.405102346218708362e+02 1.067850745422420005e+02
-8.630959826452600510e+02 -9.749561154516183024e+02 1.118601328063582514e+02
-8.860493559805305495e+02 -1.044087355025111265e+03 1.580379990445807152e+02
-8.262970604720621850e+02 -9.235105801537798698e+02 9.721351968171768476e+01
-8.557874888227130441e+02 -1.007864451150571199e+03 1.520769623278581548e+02
-8.594254912503377000e+02 -9.914537305821405653e+02 1.320282393318028653e+02
-8.620046220415199514e+02 -9.364711370868700442e+02 7.446651504535009281e+01
-8.741184560623254356e+02 -9.867846673591396893e+02 1.126662112968142537e+02
-8.718073143953315594e+02 -1.003659252353113516e+03 1.318519379577819564e+02
-8.581175569843895801e+02 -9.450797406601623152e+02 8.696218367577273511e+01
-8.902572753311339966e+02 -1.030645738866170632e+03 1.403884635350366352e+02
-8.451919103303914653e+02 -9.603063415144686132e+02 1.151144311840771479e+02
-8.823480596583182205e+02 -9.887805363990081560e+02 1.064324767406899355e+02
-8.867331998580683603e+02 -1.034815443474440826e+03 1.480822436163724660e+02
-8.847443113548547444e+02 -9.507241377470488715e+02 6.597982639219412704e+01
-8.552883824452325143e+02 -9.659149926165422357e+02 1.106266101713097214e+02
-8.848272658651571874e+02 -1.022019629641946494e+03 1.371923637767893069e+02
-8.778778320077012722e+02 -1.008829161488179466e+03 1.309513294804781935e+02
-8.789669065473940464e+02 -9.993187249233437797e+02 1.203518183759497333e+02
-8.956226156296681893e+02 -1.002250147259228811e+03 1.066275316295606217e+02
-8.904660133287794679e+02 -1.017435519548694970e+03 1.269695062199155018e+02
-8.637180102431802879e+02 -1.008855158572113965e+03 1.451371483289336766e+02
-9.055745778882121613e+02 -1.020360851307515759e+03 1.147862734193035976e+02
-8.748692220363494698e+02 -1.001868435208137271e+03 1.269992131717878010e+02
-8.388446394086320197e+02 -9.835054323643995531e+02 1.446607929557675334e+02
-8.795186793956956990e+02 -9.658108419981535917e+02 8.629216260245789272e+01
-8.981312236468527317e+02 -1.019792189439283902e+03 1.216609657924311705e+02
-8.851263345629271271e+02 -1.018294395379485877e+03 1.331680608165587500e+02
-8.618793036166296133e+02 -9.442239950599673648e+02 8.234469144333775148e+01
-8.256264167049633897e+02 -9.370923860444241882e+02 1.114659693394607984e+02
-9.226232100301739365e+02 -1.036524041956398378e+03 1.139008319262244413e+02
-9.222180256870755102e+02 -1.042549692479142550e+03 1.203316667920670398e+02
-8.565905536076136286e+02 -9.949127480692419567e+02 1.383221944616283281e+02
-8.784004026049026379e+02 -9.982499002872469873e+02 1.198494976823443494e+02
-9.046366791761942068e+02 -9.945286222314641691e+02 8.989194305526996231e+01
-8.666132331706331797e+02 -1.022158516846901534e+03 1.555452836762683546e+02
-8.774114306993279797e+02 -9.819901594680819699e+02 1.045787287687539902e+02
-9.181413452097958725e+02 -1.007141046827795776e+03 8.899970161799990365e+01
-8.865953772718833079e+02 -9.910250472319846722e+02 1.044296699601013643e+02
-8.457036218839473349e+02 -9.559000688890687343e+02 1.101964470051213993e+02
-8.228522934631575936e+02 -9.210579239588005294e+02 9.820563049564293578e+01
-8.437885540759335754e+02 -9.326681150822423660e+02 8.887956100630879064e+01
-8.563219263671732051e+02 -9.629107274949969906e+02 1.065888011278237855e+02
-8.772952102320779204e+02 -9.971487710860412790e+02 1.198535608539633586e+02
-9.016388785920016744e+02 -1.051777986857359338e+03 1.501391082653576632e+02
-8.515780231267142426e+02 -9.659389801014278873e+02 1.143609569747136447e+02
-8.607770602185161124e+02 -1.001861487948331160e+03 1.410844277298150473e+02
-8.578329300666707695e+02 -1.015811879111363055e+03 1.579789490446922855e+02
-8.320846629508623664e+02 -9.316136531813428974e+02 9.952899023048053095e+01
-8.615231656671952578e+02 -9.960801107376718164e+02 1.345569450704765586e+02
-8.773199091638402933e+02 -1.006326584520874007e+03 1.290066753570337141e+02
-8.494340163568264188e+02 -9.796305026870574011e+02 1.301964863302309823e+02
-8.382243235775611083e+02 -9.589664938786088442e+02 1.207421703010477358e+02
-8.565432489780361038e+02 -9.612824005434015362e+02 1.047391515653654324e+02
-9.168768567010450852e+02 -1.035335427161121061e+03 1.184585704600759755e+02
-8.474805669273955573e+02 -9.679359360266532804e+02 1.204553690992577231e+02
-8.585874085990150206e+02 -9.801073614347716330e+02 1.215199528357566123e+02
-8.843313098963311631e+02 -1.007637075943896775e+03 1.233057660475656121e+02
-9.099710372190228327e+02 -1.008979386690061233e+03 9.900834947103840022e+01
-8.886655643175770365e+02 -1.010683303830387104e+03 1.220177395128100670e+02
-8.650549168960018278e+02 -9.741998263772466089e+02 1.091449094812447811e+02
-9.010913435031852714e+02 -9.885385926753426702e+02 8.744724917215739879e+01
-9.112900172012327857e+02 -1.013274105046598152e+03 1.019840878453653659e+02
-8.471440143170159445e+02 -9.636737814822703285e+02 1.165297671652543841e+02
-8.466788003837122005e+02 -9.854789625888752198e+02 1.388001622051630193e+02
-9.165688396216127103e+02 -1.039411078759437487e+03 1.228422391378247767e+02
-8.704981075171326665e+02 -9.911562267940851143e+02 1.206581192769524478e+02
-8.567809942662480580e+02 -9.784165527167317578e+02 1.216355584504836997e+02
-8.650562449781069745e+02 -9.652335387067289503e+02 1.001772937286219758e+02
-8.914573847566321092e+02 -9.641422003713734057e+02 7.268481561474129649e+01
-8.700517885055685383e+02 -1.035941742079664664e+03 1.658899535740961255e+02
-8.481507470439343024e+02 -9.742415462820964649e+02 1.260907992381621625e+02
-8.120318750147108631e+02 -9.190529124333852451e+02 1.070210374186743820e+02
-8.554737888595223012e+02 -9.595258645887676039e+02 1.040520757292453027e+02
-8.654341668752470014e+02 -9.954859148247167013e+02 1.300517479494697000e+02
-8.515055555015022719e+02 -1.006915093646201399e+03 1.554095381446991269e+02
-9.113958135933125959e+02 -1.010999043987233335e+03 9.960323039392073952e+01
-8.381867783810318997e+02 -9.394585094715614559e+02 1.012717310905295562e+02
-8.352319446928594289e+02 -9.609505418316762189e+02 1.257185971388167900e+02
-8.924064022588058833e+02 -1.006300369195397707e+03 1.138939669365918235e+02
-8.257330871710390738e+02 -1.026291412843595026e+03 2.005583256725559522e+02
-8.803025426543221101e+02 -1.019109754646374768e+03 1.388072119920526575e+02
-8.326127902054910237e+02 -9.752960501863880154e+02 1.426832599808969917e+02
-8.785349619916925121e+02 -1.022776195176675856e+03 1.442412331849833436e+02
-9.060414461531875077e+02 -1.040764268109992827e+03 1.347228219568053191e+02
-8.367890321550848967e+02 -9.464323918967318150e+02 1.096433597416469183e+02
-8.519356883707934003e+02 -9.657535919036981795e+02 1.138179035329047792e+02
-8.845702194840056336e+02 -1.004306940250231833e+03 1.197367207662261990e+02
-8.387004975974738272e+02 -9.694869171373867403e+02 1.307864195399129130e+02
-8.773497417440245272e+02 -1.001193642207789935e+03 1.238439004637654079e+02
-8.960449631448765331e+02 -9.681856345749122283e+02 7.214067143003569527e+01
-8.504553924575859583e+02 -9.682043927313403628e+02 1.177490002737544046e+02
-9.020317689073557403e+02 -1.024013023566351876e+03 1.219812546589961357e+02
-8.550192737715379963e+02 -9.851170872189396732e+02 1.300978134474016770e+02
-8.666312389626704089e+02 -1.012279471113719410e+03 1.456482321510490010e+02
-8.904385269559841163e+02 -9.948359773268704203e+02 1.043974503708863040e+02
-9.003977954169030227e+02 -1.011151309245623452e+03 1.107535138287204290e+02
-8.615253963017964907e+02 -9.551154626911667265e+02 9.359006638937023581e+01
-9.066098087160747809e+02 -9.817040342906850583e+02 7.509422557461027736e+01
-8.796680583068369970e+02 -9.738571734189351901e+02 9.418911511209819309e+01
-9.297608124230026760e+02 -1.040194586982839610e+03 1.104337745598369338e+02
-8.866745821085879697e+02 -9.861714267625521870e+02 9.949684465396421729e+01
-8.475775114228989651e+02 -9.615179954659514578e+02 1.139404840430524928e+02
-8.866714098387401464e+02 -1.011106239477719328e+03 1.244348296389791813e+02
-8.563918348841176567e+02 -1.026029321287560606e+03 1.696374864034429493e+02
-8.475524651134658143e+02 -9.770848074989789893e+02 1.295323423855131750e+02
-9.140387643922842926e+02 -1.030225064242888038e+03 1.161862998506037457e+02
-8.771778301395723929e+02 -9.889953816497518346e+02 1.118175515101794417e+02
-9.008603632237228567e+02 -1.052790968512097606e+03 1.519306052883747498e+02
-8.364158503103658404e+02 -9.546679172541095113e+02 1.182520669437436709e+02
-8.849806491708028489e+02 -9.952515901756593166e+02 1.102709410048564678e+02
-8.930354031868827178e+02 -9.817770893472280704e+02 8.874168616034535262e+01
-8.834424952466118839e+02 -9.455627094537495623e+02 6.212021420713767839e+01
-8.910587268711647084e+02 -9.990207293275195752e+02 1.079620024563548668e+02
-8.834316295707006930e+02 -1.018257222469220665e+03 1.348255928985199716e+02
-8.030954999461819170e+02 -9.295218130995298225e+02 1.264263131533479054e+02
-8.785809926819806606e+02 -9.604133855979684995e+02 8.183239291598783893e+01
-8.986781969640702528e+02 -9.651230741292456514e+02 6.644487716517539866e+01
-8.881042580802569546e+02 -1.048298308727091808e+03 1.601940506468348531e+02
-8.959693260704353861e+02 -1.017308430312499695e+03 1.213391042420643089e+02
-9.057783944617812040e+02 -1.011940520587708534e+03 1.061621261259273297e+02
-8.399461354996683440e+02 -9.681535153719767095e+02 1.282073798723083655e+02
-9.346140486604899706e+02 -1.067218083253757413e+03 1.326040345932674427e+02
-9.362048710591495819e+02 -1.019807016600603788e+03 8.360214554145420607e+01
-8.781028188059161721e+02 -9.748659206693010901e+02 9.676310186338491803e+01
-9.122267296521750950e+02 -1.052250839177038415e+03 1.400241095248633201e+02
-9.349245104148321843e+02 -1.055988241427696039e+03 1.210637310128638546e+02
-8.531508926704054829e+02 -9.662841812941165927e+02 1.131332886237111097e+02
-9.201437859217111281e+02 -1.014430891436477168e+03 9.428710551476603996e+01
-9.370466728420777827e+02 -1.045442857576910683e+03 1.083961847348329002e+02
-8.675910954646125219e+02 -9.712839714118298389e+02 1.036928759472173169e+02
-8.962448700084228221e+02 -1.011835756440235059e+03 1.155908864318122369e+02
-8.657017390116305933e+02 -9.651869431379025173e+02 9.948520412627192400e+01
-9.162805297146451267e+02 -1.021276686137262914e+03 1.049961564226177870e+02
-8.835778629512063844e+02 -9.778747450444357128e+02 9.429688209322932835e+01
-8.793648202992030747e+02 -9.855573838858433646e+02 1.061925635866402899e+02
-8.444740981969251834e+02 -9.950358914962167773e+02 1.505617932992915939e+02
-8.675532616256148231e+02 -9.862264286854953070e+02 1.186731670598804840e+02
-8.545664913139005421e+02 -9.665824739616299439e+02 1.120159826477294018e+02
-8.831549001353217818e+02 -1.011019431368415439e+03 1.278645312330936576e+02
-8.866539843633794362e+02 -1.011421550961749517e+03 1.247675665983700810e+02
-8.650158855238289561e+02 -9.886179502036684426e+02 1.236020646798394864e+02
-8.250977200168005083e+02 -9.644437358946158838e+02 1.393460158778153755e+02
-8.679172422099773030e+02 -9.776008877616302470e+02 1.096836455516529441e+02
-8.731975299914496418e+02 -1.010614814877145591e+03 1.374172848856959490e+02
-8.178705642095964095e+02 -9.050951285384812763e+02 8.722456432888486688e+01
-9.100819752919014718e+02 -1.048519578395392500e+03 1.384376031034910284e+02
-8.799883032893312702e+02 -1.029291166376360479e+03 1.493028630870292091e+02
-8.782879149336625915e+02 -9.858125269682324188e+02 1.075246120345698273e+02
-8.344186888774395356e+02 -9.323360500599929992e+02 9.791736118255346355e+01
-8.788593541616703533e+02 -1.012095430641341295e+03 1.332360764796709418e+02
-9.224169946858856974e+02 -1.015291279064150899e+03 9.287428437826520167e+01
-8.852909246850938416e+02 -9.892551336140155627e+02 1.039642089289217211e+02
-8.099031743163894816e+02 -9.412704440540908308e+02 1.313672697377013492e+02
-8.522354886933234184e+02 -1.006728007871831892e+03 1.544925191785084735e+02
-9.049188610670469188e+02 -1.032923013829621368e+03 1.280041527625744493e+02
-9.030893153593129909e+02 -1.031054589130938211e+03 1.279652737716252204e+02
-8.650126569474064127e+02 -9.968493575123814026e+02 1.318367005649749899e+02
-8.364175622642624148e+02 -9.899708548479508181e+02 1.535532925836884033e+02
-8.832131176471691560e+02 -1.035805768973529666e+03 1.525926513263605102e+02
-8.564921126744551430e+02 -9.837271370295346742e+02 1.272350243550795312e+02
-8.759100223502198332e+02 -9.741677733299734427e+02 9.825775097975360950e+01
-8.385626224369131023e+02 -9.647311691545452277e+02 1.261685467176321254e+02
-9.054887025248800683e+02 -1.037665848810668649e+03 1.321771462857885808e+02
-8.474242149368242281e+02 -9.726603584076777906e+02 1.252361434708535626e+02
-8.530394829243538197e+02 -9.887632131382265470e+02 1.357237302138727273e+02
-8.668455478248707777e+02 -1.011345784451679378e+03 1.445002366268086007e+02
-8.591604475080559951e+02 -1.047642123624566239e+03 1.884816761165102434e+02
-8.458207466656109546e+02 -9.603676832122696396e+02 1.145469365466586851e+02
-9.144444187754013456e+02 -1.023657175836565671e+03 1.092127570611643250e+02
-8.431668841486227848e+02 -9.380163488921293720e+02 9.484946474350658718e+01
-9.200893554670255980e+02 -1.006090404227311410e+03 8.600104876028581202e+01
-8.607674252315551939e+02 -1.014314092625556555e+03 1.535466673940013607e+02
-8.131936838472216778e+02 -9.589983657077875705e+02 1.458046818605658927e+02
-8.466890514406857164e+02 -9.650801820504548232e+02 1.183911306097691067e+02
-9.018723973007804489e+02 -1.022141046556934612e+03 1.202686492561541627e+02
-8.957336121864661891e+02 -1.016348780739830431e+03 1.206151685533642421e+02
-8.872069166835927945e+02 -1.033747614999149164e+03 1.465406983155563694e+02
-8.906789123511514390e+02 -9.567547618905448417e+02 6.607584953939340267e+01
-8.706449649575225749e+02 -9.754587947892557622e+02 1.048138298317331873e+02
-8.695546134106979252e+02 -9.794581931644112274e+02 1.099035797537133021e+02
-8.655029214659459740e+02 -1.011847671479930455e+03 1.463447500139844806e+02
-8.887060435455179004e+02 -9.966960095334568450e+02 1.079899659879389446e+02
-8.792831854117222292e+02 -1.027665683738179723e+03 1.483824983264574939e+02
-8.601375166529824128e+02 -1.002220055500560079e+03 1.420825388475776663e+02
-8.646928365841334880e+02 -9.961311806956907731e+02 1.314383441115572850e+02
-8.479928309556382828e+02 -9.945172465305038259e+02 1.465244155748655430e+02
-8.554964501629525557e+02 -9.874909790054039149e+02 1.319945288424513592e+02
-8.821649082727326459e+02 -1.028398917754267359e+03 1.462340094815347129e+02
-8.758064950756829603e+02 -9.987404237132167282e+02 1.229339286375337679e+02
-8.727644853468568726e+02 -9.998602063845988823e+02 1.270957210377420097e+02
-8.764305308094087650e+02 -1.025540666928881592e+03 1.491101361194728270e+02
-8.769395088383910206e+02 -1.016725830860785550e+03 1.397863220223945291e+02
-9.078282166643181199e+02 -1.026892134085233920e+03 1.190639174209158000e+02
-8.832302360391305456e+02 -1.019342725649607928e+03 1.361124896104773825e+02
-8.624701493425221770e+02 -1.016998941945228921e+03 1.545287926027067442e+02
-8.704652852363726652e+02 -9.727010287147924146e+02 1.022357434784197494e+02
-9.023017083177680888e+02 -1.032449227293624745e+03 1.301475189758566557e+02
