-9.376955628395080566e-01 2.761760726571083069e-02 3.004725463688373566e-02 4.432537034153938293e-02 1.766785606741905212e-02 3.419506549835205078e-02 7.644921541213989258e-02 9.614413976669311523e-02 1.059869397431612015e-02 2.252777852118015289e-02 3.730433434247970581e-02 5.492042005062103271e-02 1.679243706166744232e-02 1.036065351217985153e-02 5.582450702786445618e-02 1.735653281211853027e-01 1.106994450092315674e-01 2.530981320887804031e-03 1.060017850250005722e-02 1.055243015289306641e-01
5.200787261128425598e-02 -8.370074629783630371e-01 3.213158249855041504e-02 1.746219396591186523e-02 9.423665702342987061e-03 9.079754352569580078e-02 3.857503831386566162e-02 4.534343630075454712e-02 4.454180598258972168e-02 1.341309584677219391e-02 3.988868743181228638e-02 2.399659901857376099e-01 1.356064900755882263e-02 6.404914427548646927e-03 2.967906929552555084e-02 7.343690097332000732e-02 4.051772132515907288e-02 1.386460382491350174e-02 1.430991943925619125e-02 2.168274298310279846e-02
5.976751819252967834e-02 3.393981605768203735e-02 -1.112620115280151367e+00 2.040697038173675537e-01 6.163964979350566864e-03 5.213362351059913635e-02 6.776762753725051880e-02 7.537335157394409180e-02 7.035434246063232422e-02 2.247617766261100769e-02 1.642358489334583282e-02 1.327200233936309814e-01 6.874851416796445847e-03 7.439251989126205444e-03 1.572303660213947296e-02 1.880213916301727295e-01 9.999655932188034058e-02 2.177865710109472275e-03 3.121367283165454865e-02 1.998371072113513947e-02
6.779900938272476196e-02 1.418360695242881775e-02 1.569238752126693726e-01 -8.604848384857177734e-01 1.982323359698057175e-03 3.666757419705390930e-02 2.565674185752868652e-01 6.668190658092498779e-02 2.392496168613433838e-02 6.594199221581220627e-03 1.132598426192998886e-02 4.713760316371917725e-02 3.786756889894604683e-03 3.895598463714122772e-03 2.164723351597785950e-02 7.527086883783340454e-02 3.482161834836006165e-02 2.034031320363283157e-03 1.291035953909158707e-02 1.632992364466190338e-02
8.114776760339736938e-02 2.298420853912830353e-02 1.423286832869052887e-02 5.952456966042518616e-03 -4.767921566963195801e-01 6.450393702834844589e-03 7.010363508015871048e-03 2.720757015049457550e-02 7.468490861356258392e-03 1.579747162759304047e-02 3.350503370165824890e-02 1.091532502323389053e-02 8.876543492078781128e-03 1.670309156179428101e-02 8.112243376672267914e-03 8.460044860839843750e-02 3.467961400747299194e-02 9.918876923620700836e-03 1.881388388574123383e-02 6.241551786661148071e-02
7.275301963090896606e-02 1.025837510824203491e-01 5.576286464929580688e-02 5.100336298346519470e-02 2.988003194332122803e-03 -1.073188543319702148e+00 2.120611518621444702e-01 3.074897453188896179e-02 7.616136968135833740e-02 1.222411077469587326e-02 5.756994709372520447e-02 1.739832162857055664e-01 2.397619374096393585e-02 6.468345876783132553e-03 3.615152835845947266e-02 6.797020137310028076e-02 5.080368369817733765e-02 3.376439679414033890e-03 1.137377507984638214e-02 2.522852830588817596e-02
1.095245406031608582e-01 2.934686653316020966e-02 4.880904033780097961e-02 2.403084039688110352e-01 2.186685102060437202e-03 1.427946686744689941e-01 -9.909360408782958984e-01 4.721243306994438171e-02 1.870678365230560303e-02 1.122045889496803284e-02 1.893508806824684143e-02 1.241518259048461914e-01 8.564470335841178894e-03 5.042264703661203384e-03 3.060624562203884125e-02 5.600418150424957275e-02 4.956893622875213623e-02 2.726264297962188721e-03 8.705871179699897766e-03 3.652106598019599915e-02
1.084324195981025696e-01 2.715611830353736877e-02 4.273599013686180115e-02 4.916696622967720032e-02 6.680875550955533981e-03 1.629969291388988495e-02 3.716672211885452271e-02 -5.003026127815246582e-01 8.518708869814872742e-03 4.723894409835338593e-03 9.343434125185012817e-03 2.890566736459732056e-02 4.565030802041292191e-03 3.662534058094024658e-03 1.463580224663019180e-02 8.534734696149826050e-02 2.495275624096393585e-02 4.769461695104837418e-03 5.525123793631792068e-03 1.771405152976512909e-02
3.456134349107742310e-02 7.712994515895843506e-02 1.153370290994644165e-01 5.100568383932113647e-02 5.302472040057182312e-03 1.167307943105697632e-01 4.257934167981147766e-02 2.463063970208168030e-02 -8.532919883728027344e-01 1.059127505868673325e-02 3.861166536808013916e-02 6.091469898819923401e-02 9.509883821010589600e-03 2.783484011888504028e-02 2.916651964187622070e-02 5.366740375757217407e-02 3.351867571473121643e-02 5.022365134209394455e-03 1.029917001724243164e-01 1.418565306812524796e-02
3.771947696805000305e-02 1.192595995962619781e-02 1.891948841512203217e-02 7.218358572572469711e-03 5.758934654295444489e-03 9.620043449103832245e-03 1.311352755874395370e-02 7.013119291514158249e-03 5.438227206468582153e-03 -9.430978298187255859e-01 2.065120488405227661e-01 2.198502048850059509e-02 6.491089612245559692e-02 3.754679486155509949e-02 8.134210482239723206e-03 2.813410200178623199e-02 7.322813570499420166e-02 3.827659413218498230e-03 1.568387635052204132e-02 3.664079904556274414e-01
4.005373269319534302e-02 2.274313941597938538e-02 8.865256793797016144e-03 7.950395345687866211e-03 7.832512259483337402e-03 2.905306592583656311e-02 1.419098861515522003e-02 8.895163424313068390e-03 1.271346863359212875e-02 1.324286013841629028e-01 -6.804058551788330078e-01 2.152887359261512756e-02 7.849062979221343994e-02 7.123605906963348389e-02 1.878316700458526611e-02 2.780224382877349854e-02 2.774986997246742249e-02 9.256109595298767090e-03 1.836955174803733826e-02 1.224631071090698242e-01
7.471411675214767456e-02 1.733546257019042969e-01 9.077052026987075806e-02 4.192425310611724854e-02 3.233052557334303856e-03 1.112470775842666626e-01 1.178917735815048218e-01 3.486707434058189392e-02 2.541280910372734070e-02 1.786275021731853485e-02 2.727761678397655487e-02 -9.491216540336608887e-01 1.681829057633876801e-02 5.401619710028171539e-03 2.664378471672534943e-02 6.978581845760345459e-02 7.363441586494445801e-02 3.089977428317070007e-03 8.085364475846290588e-03 2.710675820708274841e-02
6.501197069883346558e-02 2.787898480892181396e-02 1.338081341236829758e-02 9.584645740687847137e-03 7.482224609702825546e-03 4.362870007753372192e-02 2.314417250454425812e-02 1.567064784467220306e-02 1.129058748483657837e-02 1.500893384218215942e-01 2.830177247524261475e-01 4.786219447851181030e-02 -1.005023121833801270e+00 3.952869772911071777e-02 1.127967238426208496e-02 3.743719309568405151e-02 7.299453020095825195e-02 7.197847589850425720e-03 1.563776098191738129e-02 1.229053884744644165e-01
2.325615286827087402e-02 7.634507026523351669e-03 8.394978009164333344e-03 5.716812331229448318e-03 8.163094520568847656e-03 6.824272684752941132e-03 7.900197058916091919e-03 7.289471570402383804e-03 1.916025020182132721e-02 5.033571645617485046e-02 1.489247381687164307e-01 8.912631310522556305e-03 2.291836589574813843e-02 -6.352408528327941895e-01 8.986570872366428375e-03 3.457388654351234436e-02 1.558882370591163635e-02 2.027746662497520447e-02 1.820717900991439819e-01 4.831119254231452942e-02
1.075635701417922974e-01 3.036739304661750793e-02 1.523057557642459869e-02 2.726916410028934479e-02 3.403208684176206589e-03 3.274005651473999023e-02 4.116347059607505798e-02 2.500463649630546570e-02 1.723402366042137146e-02 9.360701777040958405e-03 3.370741382241249084e-02 3.773700818419456482e-02 5.613804329186677933e-03 7.714070845395326614e-03 -5.798695087432861328e-01 9.738507866859436035e-02 5.028783529996871948e-02 2.528341487050056458e-03 9.285385720431804657e-03 2.627375349402427673e-02
2.049788385629653931e-01 4.605505988001823425e-02 1.116330921649932861e-01 5.811684951186180115e-02 2.175334468483924866e-02 3.772915154695510864e-02 4.616662114858627319e-02 8.937165141105651855e-02 1.943651586771011353e-02 1.984411850571632385e-02 3.058032877743244171e-02 6.058211252093315125e-02 1.142009627074003220e-02 1.819045282900333405e-02 5.968953296542167664e-02 -1.083398103713989258e+00 1.875594109296798706e-01 6.543037481606006622e-03 2.409204281866550446e-02 2.965584769845008850e-02
1.501304805278778076e-01 2.918000333011150360e-02 6.817860156297683716e-02 3.087460435926914215e-02 1.024011895060539246e-02 3.238404169678688049e-02 4.692395031452178955e-02 3.000582940876483917e-02 1.394029706716537476e-02 5.931357294321060181e-02 3.505101799964904785e-02 7.340665906667709351e-02 2.557020075619220734e-02 9.418592788279056549e-03 3.539533540606498718e-02 2.153853774070739746e-01 -9.628410935401916504e-01 2.577149076387286186e-03 1.212231814861297607e-02 8.274293690919876099e-02
1.546709518879652023e-02 4.499292746186256409e-02 6.690992042422294617e-03 8.126555941998958588e-03 1.319743786007165909e-02 9.698202833533287048e-03 1.162918750196695328e-02 2.584359236061573029e-02 9.412172250449657440e-03 1.397030241787433624e-02 5.268228054046630859e-02 1.388053875416517258e-02 1.136168837547302246e-02 5.520556122064590454e-02 8.018907159566879272e-03 3.385736793279647827e-02 1.161277294158935547e-02 -4.494588971138000488e-01 7.766250520944595337e-02 2.614875324070453644e-02
2.591322921216487885e-02 1.857643760740756989e-02 3.836125507950782776e-02 2.063363417983055115e-02 1.001368835568428040e-02 1.306848973035812378e-02 1.485532522201538086e-02 1.197606138885021210e-02 7.720977067947387695e-02 2.289888821542263031e-02 4.182376712560653687e-02 1.452911458909511566e-02 9.874232113361358643e-03 1.982897520065307617e-01 1.178061496466398239e-02 4.986960068345069885e-02 2.185096219182014465e-02 3.106704354286193848e-02 -6.584852337837219238e-01 2.589336596429347992e-02
1.295779049396514893e-01 1.413870509713888168e-02 1.233656238764524460e-02 1.310966629534959793e-02 1.668700203299522400e-02 1.456071715801954269e-02 3.130282089114189148e-02 1.928679458796977997e-02 5.341823678463697433e-03 2.687175869941711426e-01 1.400554329156875610e-01 2.446736395359039307e-02 3.898251429200172424e-02 2.642868086695671082e-02 1.674403995275497437e-02 3.083491139113903046e-02 7.491795718669891357e-02 5.254236515611410141e-03 1.300644408911466599e-02 -8.957512378692626953e-01
