-8.301361799240112305e-01 4.083449393510818481e-02 2.451614663004875183e-02 4.306486994028091431e-02 1.593254320323467255e-02 4.020316153764724731e-02 7.033517956733703613e-02 7.846732437610626221e-02 1.270891539752483368e-02 2.329266816377639771e-02 3.655067086219787598e-02 3.962994366884231567e-02 1.369345840066671371e-02 9.326759725809097290e-03 4.048785939812660217e-02 1.446142941713333130e-01 8.828143030405044556e-02 2.763365861028432846e-03 8.379103615880012512e-03 9.705399721860885620e-02
6.618242710828781128e-02 -7.801473736763000488e-01 3.286557272076606750e-02 2.698715589940547943e-02 7.655866909772157669e-03 9.457787126302719116e-02 5.456030741333961487e-02 3.261595964431762695e-02 5.038781091570854187e-02 1.313944440335035324e-02 3.866352513432502747e-02 1.830873191356658936e-01 1.034109573811292648e-02 6.816708948463201523e-03 1.692898757755756378e-02 5.378969013690948486e-02 4.864087700843811035e-02 7.463570684194564819e-03 1.208030711859464645e-02 2.336289547383785248e-02
4.836908727884292603e-02 4.000750556588172913e-02 -8.312037587165832520e-01 1.437104046344757080e-01 6.784474477171897888e-03 5.038693919777870178e-02 5.201867967844009399e-02 6.560166925191879272e-02 5.640280991792678833e-02 1.339975278824567795e-02 1.600326783955097198e-02 8.129419386386871338e-02 8.190441876649856567e-03 8.006167598068714142e-03 1.219232939183712006e-02 1.212002262473106384e-01 7.389821857213973999e-02 2.114903647452592850e-03 1.646347716450691223e-02 1.515918038785457611e-02
6.848954409360885620e-02 2.648151479661464691e-02 1.158440336585044861e-01 -7.376868128776550293e-01 1.814259449020028114e-03 3.992647677659988403e-02 1.963956803083419800e-01 6.111545860767364502e-02 2.060090377926826477e-02 4.747904837131500244e-03 9.378862567245960236e-03 3.754972293972969055e-02 3.236298914998769760e-03 3.731367411091923714e-03 2.018449455499649048e-02 6.915245205163955688e-02 4.023447260260581970e-02 1.645028591156005859e-03 6.781764794141054153e-03 1.037655025720596313e-02
6.433499604463577271e-02 1.907397061586380005e-02 1.388553716242313385e-02 4.606387112289667130e-03 -3.941503763198852539e-01 7.000552956014871597e-03 3.841923316940665245e-03 1.772830449044704437e-02 1.079843193292617798e-02 1.701395586133003235e-02 2.841852419078350067e-02 6.812358275055885315e-03 8.634424768388271332e-03 1.888965442776679993e-02 3.607993246987462044e-03 6.963613629341125488e-02 3.069918416440486908e-02 4.657518118619918823e-03 1.850979216396808624e-02 4.600076004862785339e-02
8.711741119623184204e-02 1.264500021934509277e-01 5.534100532531738281e-02 5.440071225166320801e-02 3.756772726774215698e-03 -1.006303668022155762e+00 1.637699306011199951e-01 3.083773516118526459e-02 6.571602821350097656e-02 1.441302802413702011e-02 4.980519786477088928e-02 1.373811066150665283e-01 2.150033228099346161e-02 7.296365220099687576e-03 2.246270701289176941e-02 6.562405079603195190e-02 5.829459801316261292e-02 3.618201240897178650e-03 1.255131419748067856e-02 2.596718817949295044e-02
1.209908872842788696e-01 5.790838226675987244e-02 4.535484686493873596e-02 2.124275565147399902e-01 1.636690576560795307e-03 1.300078183412551880e-01 -9.632700085639953613e-01 4.114902392029762268e-02 1.850340142846107483e-02 1.187601778656244278e-02 2.201615460216999054e-02 9.893388301134109497e-02 7.684584241360425949e-03 5.033116322010755539e-03 2.607682347297668457e-02 6.494598835706710815e-02 6.007203459739685059e-02 2.236803760752081871e-03 7.964412681758403778e-03 2.845153957605361938e-02
9.644827246665954590e-02 2.473547495901584625e-02 4.087001457810401917e-02 4.723408445715904236e-02 5.396480206400156021e-03 1.749215461313724518e-02 2.940255589783191681e-02 -4.291478693485260010e-01 1.027114782482385635e-02 3.802448976784944534e-03 8.542486466467380524e-03 2.215745672583580017e-02 3.342225681990385056e-03 3.683860413730144501e-03 1.246553193777799606e-02 6.516984105110168457e-02 2.215695381164550781e-02 2.276754705235362053e-03 4.072672687470912933e-03 9.627447463572025299e-03
3.170840442180633545e-02 7.756681740283966064e-02 7.132650911808013916e-02 3.231848776340484619e-02 6.672129500657320023e-03 7.566455751657485962e-02 2.683721482753753662e-02 2.084871754050254822e-02 -6.105957031250000000e-01 8.926695212721824646e-03 2.592644281685352325e-02 3.432742878794670105e-02 7.149013224989175797e-03 2.481048181653022766e-02 1.154719199985265732e-02 3.838765993714332581e-02 2.540044672787189484e-02 5.975524894893169403e-03 7.145232707262039185e-02 1.374959386885166168e-02
2.988142333924770355e-02 1.040024496614933014e-02 8.712908253073692322e-03 3.829860361292958260e-03 5.405366886407136917e-03 8.532819338142871857e-03 8.856719359755516052e-03 3.968623466789722443e-03 4.589938092976808548e-03 -7.996562123298645020e-01 2.019372284412384033e-01 1.262541580945253372e-02 5.642318353056907654e-02 3.276182711124420166e-02 5.463508423417806625e-03 1.302195619791746140e-02 4.074542969465255737e-02 2.578868996351957321e-03 1.068575214594602585e-02 3.392350673675537109e-01
3.378501906991004944e-02 2.205031551420688629e-02 7.497591897845268250e-03 5.451020319014787674e-03 6.505311932414770126e-03 2.124509587883949280e-02 1.183014921844005585e-02 6.424029357731342316e-03 9.605186991393566132e-03 1.455000489950180054e-01 -6.027235984802246094e-01 1.467317342758178711e-02 7.797753065824508667e-02 6.248649209737777710e-02 9.547146037220954895e-03 1.522393058985471725e-02 2.282439544796943665e-02 6.604339927434921265e-03 1.666588895022869110e-02 1.068269759416580200e-01
7.943341135978698730e-02 2.264240533113479614e-01 8.258926123380661011e-02 4.732441902160644531e-02 3.381543792784214020e-03 1.270755529403686523e-01 1.152775585651397705e-01 3.613217175006866455e-02 2.757751196622848511e-02 1.972619630396366119e-02 3.181815147399902344e-02 -1.023692607879638672e+00 1.620612293481826782e-02 6.114943884313106537e-03 2.253481186926364899e-02 6.896242499351501465e-02 7.524287700653076172e-02 2.263649599626660347e-03 1.004102081060409546e-02 2.556688897311687469e-02
3.893052414059638977e-02 1.813961938023567200e-02 1.180235669016838074e-02 5.785282235592603683e-03 6.079226732254028320e-03 2.820834144949913025e-02 1.270040031522512436e-02 7.730494718998670578e-03 8.146241307258605957e-03 1.250410526990890503e-01 2.398378551006317139e-01 2.298669330775737762e-02 -7.319347858428955078e-01 3.859813511371612549e-02 5.685612093657255173e-03 2.097314409911632538e-02 4.507806897163391113e-02 5.202552303671836853e-03 1.315192133188247681e-02 7.785723358392715454e-02
1.632929407060146332e-02 7.363696116954088211e-03 7.104697171598672867e-03 4.107744432985782623e-03 8.190273307263851166e-03 5.895197857171297073e-03 5.122635513544082642e-03 5.247278604656457901e-03 1.741028390824794769e-02 4.471185058355331421e-02 1.183569878339767456e-01 5.341328680515289307e-03 2.376981638371944427e-02 -5.034477710723876953e-01 4.575432743877172470e-03 1.572794839739799500e-02 1.171042863279581070e-02 2.078746445477008820e-02 1.467577815055847168e-01 3.493763506412506104e-02
1.084334403276443481e-01 2.797395922243595123e-02 1.655043475329875946e-02 3.399030864238739014e-02 2.392995869740843773e-03 2.776232175529003143e-02 4.059878364205360413e-02 2.716086804866790771e-02 1.239506807178258896e-02 1.140585821121931076e-02 2.766197547316551208e-02 3.011012822389602661e-02 5.355975590646266937e-03 6.998968776315450668e-03 -5.231980085372924805e-01 6.764067709445953369e-02 4.100417718291282654e-02 2.546028699725866318e-03 5.699434783309698105e-03 2.751662768423557281e-02
1.820068657398223877e-01 4.176958277821540833e-02 7.731509953737258911e-02 5.472464859485626221e-02 2.170446328818798065e-02 3.811490163207054138e-02 4.751697927713394165e-02 6.672946363687515259e-02 1.936432160437107086e-02 1.277528889477252960e-02 2.072881720960140228e-02 4.330213740468025208e-02 9.284595958888530731e-03 1.130608003586530685e-02 3.178674355149269104e-02 -8.892951607704162598e-01 1.707684844732284546e-01 3.881712676957249641e-03 1.164653617888689041e-02 2.456846646964550018e-02
1.282690912485122681e-01 4.360523074865341187e-02 5.442155525088310242e-02 3.675782307982444763e-02 1.104631274938583374e-02 3.908735141158103943e-02 5.073935911059379578e-02 2.619130536913871765e-02 1.479204185307025909e-02 4.614764451980590820e-02 3.587758168578147888e-02 5.454291030764579773e-02 2.303779497742652893e-02 9.718269109725952148e-03 2.224550954997539520e-02 1.971441358327865601e-01 -8.956241011619567871e-01 2.837207401171326637e-03 1.014697831124067307e-02 8.901603519916534424e-02
1.149453315883874893e-02 1.915508508682250977e-02 4.458901006728410721e-03 4.302543122321367264e-03 4.797834437340497971e-03 6.945457309484481812e-03 5.408797878772020340e-03 7.704839110374450684e-03 9.962379001080989838e-03 8.361807093024253845e-03 2.972032316029071808e-02 4.697668366134166718e-03 7.611886132508516312e-03 4.938759654760360718e-02 3.954374697059392929e-03 1.282920502126216888e-02 8.122529834508895874e-03 -2.557844519615173340e-01 4.680322855710983276e-02 1.006544847041368484e-02
1.882892847061157227e-02 1.674906536936759949e-02 1.875140890479087830e-02 9.582296013832092285e-03 1.030071545392274857e-02 1.301584951579570770e-02 1.040403358638286591e-02 7.445638999342918396e-03 6.435444205999374390e-02 1.871764101088047028e-02 4.051611199975013733e-02 1.125709060579538345e-02 1.039537508040666580e-02 1.883617043495178223e-01 4.782130476087331772e-03 2.079449035227298737e-02 1.569322310388088226e-02 2.528430148959159851e-02 -5.257426500320434570e-01 2.050819620490074158e-02
1.049177348613739014e-01 1.558284275233745575e-02 8.306068368256092072e-03 7.053217850625514984e-03 1.231510937213897705e-02 1.295435056090354919e-02 1.787973940372467041e-02 8.467224426567554474e-03 5.957436747848987579e-03 2.858605086803436279e-01 1.249359995126724243e-01 1.378902699798345566e-02 2.960447408258914948e-02 2.157209813594818115e-02 1.110688410699367523e-02 2.110265009105205536e-02 6.622943282127380371e-02 2.615867182612419128e-03 9.865858592092990875e-03 -7.801165580749511719e-01
