-8.457065224647521973e-01 3.910256922245025635e-02 2.534334734082221985e-02 4.499278590083122253e-02 1.335736364126205444e-02 4.002216830849647522e-02 7.263569533824920654e-02 8.356820046901702881e-02 1.239012274891138077e-02 2.274059318006038666e-02 3.544574975967407227e-02 4.377840831875801086e-02 1.347431633621454239e-02 9.387448430061340332e-03 4.530711844563484192e-02 1.512493789196014404e-01 8.328190445899963379e-02 2.593827666714787483e-03 8.309809491038322449e-03 9.872569888830184937e-02
5.813179537653923035e-02 -6.852847933769226074e-01 2.702901884913444519e-02 2.225192636251449585e-02 4.863080102950334549e-03 7.458310574293136597e-02 4.392604529857635498e-02 2.738395705819129944e-02 4.622715339064598083e-02 1.088747009634971619e-02 3.319700807332992554e-02 1.611098200082778931e-01 9.246813133358955383e-03 6.807269062846899033e-03 1.709931343793869019e-02 4.978873208165168762e-02 4.953326657414436340e-02 6.315917242318391800e-03 1.210604887455701828e-02 2.479705587029457092e-02
4.771021381020545959e-02 3.422702848911285400e-02 -8.072025179862976074e-01 1.446586251258850098e-01 5.337926559150218964e-03 4.685646295547485352e-02 5.147589370608329773e-02 6.421821564435958862e-02 5.250010266900062561e-02 1.344955526292324066e-02 1.700464636087417603e-02 7.481000572443008423e-02 7.959044538438320160e-03 8.235720917582511902e-03 1.307768654078245163e-02 1.185470446944236755e-01 7.275808602571487427e-02 1.997762359678745270e-03 1.597048155963420868e-02 1.640804857015609741e-02
6.936520338058471680e-02 2.307586558163166046e-02 1.184665411710739136e-01 -7.551022768020629883e-01 1.677098334766924381e-03 3.847203776240348816e-02 2.021271288394927979e-01 5.980918183922767639e-02 2.206871099770069122e-02 5.487970076501369476e-03 1.039026491343975067e-02 3.887953981757164001e-02 2.962585771456360817e-03 4.061962477862834930e-03 2.257185801863670349e-02 7.049994170665740967e-02 4.523536190390586853e-02 1.349503174424171448e-03 6.289296317845582962e-03 1.231228001415729523e-02
4.849454760551452637e-02 1.187613420188426971e-02 1.029431167989969254e-02 3.949406091123819351e-03 -2.748404145240783691e-01 5.718659609556198120e-03 2.529447898268699646e-03 1.207772735506296158e-02 7.122646551579236984e-03 9.418563917279243469e-03 1.674016751348972321e-02 3.421911271288990974e-03 5.367356352508068085e-03 1.211147103458642960e-02 3.354377113282680511e-03 4.887739941477775574e-02 2.551253139972686768e-02 3.402946284040808678e-03 1.266424078494310379e-02 3.190656378865242004e-02
8.085089921951293945e-02 1.013482511043548584e-01 5.028128251433372498e-02 5.041161924600601196e-02 3.182045649737119675e-03 -9.299683570861816406e-01 1.537677347660064697e-01 2.682404778897762299e-02 5.877141281962394714e-02 1.334549859166145325e-02 4.560456797480583191e-02 1.269206553697586060e-01 2.375478111207485199e-02 7.566221058368682861e-03 2.076889574527740479e-02 6.490071862936019897e-02 5.770767480134963989e-02 3.806010121479630470e-03 1.184610649943351746e-02 2.830990403890609741e-02
1.086246222257614136e-01 4.418672621250152588e-02 4.089165478944778442e-02 1.960667520761489868e-01 1.041913754306733608e-03 1.138306260108947754e-01 -8.747119903564453125e-01 3.763920068740844727e-02 1.654647476971149445e-02 1.187784224748611450e-02 1.911843195557594299e-02 8.391293138265609741e-02 7.213967852294445038e-03 4.843349102884531021e-03 2.602998726069927216e-02 6.266724318265914917e-02 6.014581769704818726e-02 2.289703348651528358e-03 7.637571077793836594e-03 3.014716878533363342e-02
9.334288537502288818e-02 2.057443559169769287e-02 3.810228407382965088e-02 4.333204776048660278e-02 3.715808037668466568e-03 1.483133528381586075e-02 2.811269089579582214e-02 -3.968363404273986816e-01 1.008077617734670639e-02 3.146059811115264893e-03 7.657657377421855927e-03 1.834915950894355774e-02 2.925944980233907700e-03 3.753351280465722084e-03 1.283340435475111008e-02 6.067623198032379150e-02 2.060512080788612366e-02 2.367957960814237595e-03 4.029255360364913940e-03 8.399906568229198456e-03
3.074133768677711487e-02 7.714997977018356323e-02 6.919263303279876709e-02 3.551610186696052551e-02 4.867617040872573853e-03 7.218200713396072388e-02 2.745202556252479553e-02 2.239241264760494232e-02 -6.226719021797180176e-01 8.574235253036022186e-03 2.537483535706996918e-02 3.468937426805496216e-02 9.428429417312145233e-03 2.910835295915603638e-02 1.099867839366197586e-02 4.044598713517189026e-02 2.511678449809551239e-02 6.495603360235691071e-03 7.907521724700927734e-02 1.387028768658638000e-02
3.022707067430019379e-02 9.734481573104858398e-03 9.496308863162994385e-03 4.731591790914535522e-03 3.448314499109983444e-03 8.781017735600471497e-03 1.055731996893882751e-02 3.743873210623860359e-03 4.593488294631242752e-03 -8.155916333198547363e-01 2.004130631685256958e-01 1.218486297875642776e-02 5.280096083879470825e-02 3.136659041047096252e-02 5.223311949521303177e-03 1.364925410598516464e-02 4.253584891557693481e-02 2.521239919587969780e-03 1.061071734875440598e-02 3.589723706245422363e-01
3.319297358393669128e-02 2.091088891029357910e-02 8.458673022687435150e-03 6.311168894171714783e-03 4.317871294915676117e-03 2.114005386829376221e-02 1.197170745581388474e-02 6.420040037482976913e-03 9.577191434800624847e-03 1.411931812763214111e-01 -5.985108613967895508e-01 1.450861152261495590e-02 7.895420491695404053e-02 6.012112647294998169e-02 9.001908823847770691e-03 1.487786043435335159e-02 2.279216237366199493e-02 6.229655817151069641e-03 1.684851944446563721e-02 1.116831079125404358e-01
8.212606608867645264e-02 2.032987177371978760e-01 7.454754412174224854e-02 4.730895534157752991e-02 1.768144313246011734e-03 1.178607195615768433e-01 1.052620410919189453e-01 3.081747330725193024e-02 2.622831426560878754e-02 1.719678938388824463e-02 2.906463854014873505e-02 -9.619022011756896973e-01 1.396439410746097565e-02 6.035954225808382034e-03 2.554201893508434296e-02 6.927965581417083740e-02 7.369022816419601440e-02 2.616037148982286453e-03 8.844441734254360199e-03 2.645008265972137451e-02
3.852773830294609070e-02 1.778485812246799469e-02 1.208871975541114807e-02 5.494635552167892456e-03 4.227222409099340439e-03 3.362277895212173462e-02 1.379313040524721146e-02 7.490188814699649811e-03 1.086573209613561630e-02 1.135832592844963074e-01 2.410793602466583252e-01 2.128471620380878448e-02 -7.303329706192016602e-01 4.323936998844146729e-02 5.348306614905595779e-03 2.003806270658969879e-02 4.060063138604164124e-02 5.408141296356916428e-03 1.493980176746845245e-02 8.091635257005691528e-02
1.551998220384120941e-02 7.570212241262197495e-03 7.232656702399253845e-03 4.355927929282188416e-03 5.515290424227714539e-03 6.192106753587722778e-03 5.354405380785465240e-03 5.555493291467428207e-03 1.939608715474605560e-02 3.901365399360656738e-02 1.061423495411872864e-01 5.319471471011638641e-03 2.500093169510364532e-02 -4.995748698711395264e-01 3.737959079444408417e-03 1.588515564799308777e-02 1.123082358390092850e-02 2.576944977045059204e-02 1.580920517444610596e-01 3.269083797931671143e-02
1.146144717931747437e-01 2.909666486084461212e-02 1.757342927157878876e-02 3.703748434782028198e-02 2.337290672585368156e-03 2.600771188735961914e-02 4.403203725814819336e-02 2.906529232859611511e-02 1.121415197849273682e-02 9.940875694155693054e-03 2.431787736713886261e-02 3.444349020719528198e-02 4.731758031994104385e-03 5.719576962292194366e-03 -5.334199666976928711e-01 6.589633226394653320e-02 4.122953861951828003e-02 2.181563759222626686e-03 5.977801512926816940e-03 2.800262905657291412e-02
1.947294473648071289e-01 4.311820119619369507e-02 8.107395470142364502e-02 5.887460336089134216e-02 1.733301021158695221e-02 4.136217013001441956e-02 5.395111814141273499e-02 6.993851810693740845e-02 2.098777517676353455e-02 1.322064548730850220e-02 2.045485936105251312e-02 4.754695668816566467e-02 9.022501297295093536e-03 1.237046159803867340e-02 3.353715687990188599e-02 -9.410375356674194336e-01 1.808762848377227783e-01 4.031066782772541046e-03 1.270488929003477097e-02 2.590381912887096405e-02
1.266312152147293091e-01 5.066156759858131409e-02 5.876571685075759888e-02 4.461381956934928894e-02 1.068492792546749115e-02 4.343496635556221008e-02 6.115295365452766418e-02 2.804949879646301270e-02 1.539242547005414963e-02 4.865763336420059204e-02 3.700783848762512207e-02 5.972814187407493591e-02 2.159017324447631836e-02 1.032899599522352219e-02 2.478138729929924011e-02 2.136159986257553101e-01 -9.698362350463867188e-01 3.372581908479332924e-03 1.148801669478416443e-02 9.987837076187133789e-02
9.587164036929607391e-03 1.570279709994792938e-02 3.922341857105493546e-03 3.235371084883809090e-03 3.464431734755635262e-03 6.963614840060472488e-03 5.659135524183511734e-03 7.835791446268558502e-03 9.676570072770118713e-03 7.010821253061294556e-03 2.458844706416130066e-02 5.154326092451810837e-03 6.990855094045400620e-03 5.761168897151947021e-02 3.187454305589199066e-03 1.157260127365589142e-02 8.198255673050880432e-03 -2.474034726619720459e-01 4.804239049553871155e-02 8.999403566122055054e-03
1.590802520513534546e-02 1.558903418481349945e-02 1.624036580324172974e-02 7.809593807905912399e-03 6.677782163023948669e-03 1.122578233480453491e-02 9.776925668120384216e-03 6.905733607709407806e-03 6.101245060563087463e-02 1.528184022754430771e-02 3.444331511855125427e-02 9.025569073855876923e-03 1.000237837433815002e-02 1.830592453479766846e-01 4.523699171841144562e-03 1.889113523066043854e-02 1.446372549980878830e-02 2.488288655877113342e-02 -4.848251342773437500e-01 1.910565793514251709e-02
1.040927320718765259e-01 1.758659817278385162e-02 9.189666248857975006e-03 8.420344442129135132e-03 9.266123175621032715e-03 1.477557420730590820e-02 2.125487290322780609e-02 7.929110899567604065e-03 5.894249770790338516e-03 2.847455143928527832e-01 1.257464289665222168e-01 1.486606989055871964e-02 2.983731217682361603e-02 2.084839344024658203e-02 1.167121250182390213e-02 2.121367678046226501e-02 6.925825029611587524e-02 2.567171351984143257e-03 1.052269432693719864e-02 -7.896859645843505859e-01
