-9.426119294780323798e+02 -8.435858497760053751e+02 -9.902607970202700471e+01
-9.614654755469422298e+02 -8.644021442510813813e+02 -9.706333129586084851e+01
-9.600452674562031916e+02 -8.773569722369757073e+02 -8.268829521922748427e+01
-9.715092431757473150e+02 -8.802819909089664634e+02 -9.122725226678085164e+01
-1.038767740549134032e+03 -9.375731280749225789e+02 -1.011946124742114534e+02
-9.401853206551238600e+02 -8.513441218995602640e+02 -8.884119875556359602e+01
-1.011032031412555625e+03 -8.913151978647763372e+02 -1.197168335477792880e+02
-1.002287160810990031e+03 -8.892721813414543703e+02 -1.130149794695356604e+02
-1.011281169334846709e+03 -8.398765665632759010e+02 -1.714046027715708078e+02
-9.894872543236724596e+02 -8.792317079862920082e+02 -1.102555463373804514e+02
-9.662762076922037977e+02 -8.671573837420590962e+02 -9.911882395014470148e+01
-1.020551252077929576e+03 -8.986748230002571063e+02 -1.218764290776724692e+02
-9.866683534304243040e+02 -8.855520842121898113e+02 -1.011162692182344927e+02
-1.018482568440660771e+03 -8.842158053439618470e+02 -1.342667630966989236e+02
-9.858395683756663175e+02 -8.645968633933495084e+02 -1.212427049823168090e+02
-1.017232245511284873e+03 -8.782320360965220516e+02 -1.390002094147628213e+02
-9.576326942309606238e+02 -8.119319772941603333e+02 -1.457007169368002906e+02
-1.005536655606785303e+03 -8.947413096692662293e+02 -1.107953459375190732e+02
-9.663216575431869160e+02 -8.800193298435078759e+02 -8.630232769967904005e+01
-9.902249205822998874e+02 -8.555794854164957997e+02 -1.346454351658040878e+02
-1.005857323565874481e+03 -8.882675772030530652e+02 -1.175897463628214155e+02
-9.944231815265749219e+02 -8.650543283620601187e+02 -1.293688531645148032e+02
-9.949472924099695774e+02 -8.784800882787710634e+02 -1.164672041311985140e+02
-9.605634929734242178e+02 -8.672377628990823268e+02 -9.332573007434189094e+01
-9.810561898267241077e+02 -8.831823301174227936e+02 -9.787385970930131407e+01
-9.948389178957221475e+02 -8.940709695626993607e+02 -1.007679483330227868e+02
-1.054496601571270958e+03 -9.335893869485176992e+02 -1.209072146227532585e+02
-1.016001697023744669e+03 -9.114924792456520208e+02 -1.045092177780926477e+02
-1.038772678664034629e+03 -8.951742327195004236e+02 -1.435984459445342054e+02
-9.715323217609138737e+02 -8.563694305238742572e+02 -1.151628912370396165e+02
-1.023659624195054789e+03 -8.595788718964898862e+02 -1.640807522985649030e+02
-1.008643625335171578e+03 -8.736752842176330205e+02 -1.349683411175385572e+02
-9.962727779386087832e+02 -8.580520163766984751e+02 -1.382207615619103080e+02
-1.007865196827296131e+03 -8.865606949218434920e+02 -1.213045019054526392e+02
-9.667386334820082538e+02 -8.412620763580514449e+02 -1.254765571239568089e+02
-1.058602023154954395e+03 -9.495088622890457373e+02 -1.090931608659086578e+02
-9.547935746985369860e+02 -8.718557488274599336e+02 -8.293782587107705240e+01
-9.800406880341497526e+02 -8.262041707216092163e+02 -1.538365173125405363e+02
-1.022268626874142797e+03 -8.821075519650189563e+02 -1.401610749091238404e+02
-9.485056927756730829e+02 -8.591476836107689223e+02 -8.935800916490416057e+01
-9.562765972695166283e+02 -8.758563897666143703e+02 -8.042020750290225806e+01
-9.684548725702206866e+02 -8.760862211627735405e+02 -9.236865140744714608e+01
-1.074472014903078161e+03 -8.935526305933394724e+02 -1.809193843097386889e+02
-9.930497450142045182e+02 -8.568968571314799192e+02 -1.361528878827245990e+02
-1.015991839459995731e+03 -9.180908766598682860e+02 -9.790096280012744501e+01
-9.466179394915094463e+02 -8.494664218420423367e+02 -9.715151764946710955e+01
-1.002016868153065843e+03 -9.122585820100515548e+02 -8.975828614301428843e+01
-1.026904666016017018e+03 -8.788294996852454233e+02 -1.480751663307715944e+02
-9.916157938644123533e+02 -8.996890323285551858e+02 -9.192676153585716747e+01
-1.011869081399442962e+03 -8.772737942372208408e+02 -1.345952871622221210e+02
-1.001422679125657623e+03 -8.743106421949689775e+02 -1.271120369306886460e+02
-9.485450807036296510e+02 -8.182220110705022762e+02 -1.303230696331273748e+02
-9.594626406849184832e+02 -9.033648188494381657e+02 -5.609782183548031753e+01
-9.476301414134593415e+02 -8.604991033458273932e+02 -8.713103806763194825e+01
-1.048918394856342957e+03 -9.021656820899647755e+02 -1.467527127663781812e+02
-9.388822349550692934e+02 -8.481385551308164850e+02 -9.074367982425280843e+01
-1.025289452721043745e+03 -8.985734992977932052e+02 -1.267159534232505393e+02
-1.005252220112019586e+03 -8.945141333468633320e+02 -1.107380867651562539e+02
-9.982965573852665102e+02 -8.566895793422779661e+02 -1.416069780429885441e+02
-1.004899773800925004e+03 -8.618483695937410403e+02 -1.430514042071839640e+02
-9.561960003754890067e+02 -8.459366935014767250e+02 -1.102593068740122817e+02
-9.513827083028761535e+02 -8.359847469543859688e+02 -1.153979613484901847e+02
-1.014683125325561150e+03 -8.980438068384050894e+02 -1.166393184871560607e+02
-1.036270006130452202e+03 -8.964624811983112522e+02 -1.398075249321409501e+02
-1.021573644855360840e+03 -8.703810612490385665e+02 -1.511925836063222732e+02
-9.917439665120544987e+02 -8.859109217916540047e+02 -1.058330447204004940e+02
-1.017051918481255143e+03 -9.129778918415848921e+02 -1.040740266396702509e+02
-9.495875975217328460e+02 -8.549436441999054068e+02 -9.464395332182743914e+01
-1.011150006303092141e+03 -8.946793441922318380e+02 -1.164706621108603031e+02
-9.827042522786936161e+02 -8.509287170686392301e+02 -1.317755352100543860e+02
-9.761248748126830606e+02 -8.761687671261984178e+02 -9.995610768648464273e+01
-1.006453736764470705e+03 -9.087885832507362238e+02 -9.766515351373448084e+01
-1.074590592368371745e+03 -9.471706135031520262e+02 -1.274199788652197185e+02
-1.001113924315747909e+03 -8.668057634221337366e+02 -1.343081608936141720e+02
-9.910044025746365151e+02 -8.828783731098309318e+02 -1.081260294648055833e+02
-1.012500396191003233e+03 -9.080821334700623311e+02 -1.044182627209409020e+02
-9.433041311090707950e+02 -8.238426187252604223e+02 -1.194615123838103727e+02
-1.012332884653042356e+03 -8.982389221670272264e+02 -1.140939624860151298e+02
-1.042822722847560726e+03 -8.627934777066402603e+02 -1.800292451409204659e+02
-1.029607921749040315e+03 -8.992279854782975690e+02 -1.303799362707427463e+02
-1.042297704493555784e+03 -8.729271160188558270e+02 -1.693705884746999573e+02
-9.951123615507742670e+02 -8.767189512527930901e+02 -1.183934102979811769e+02
-9.589165039642178954e+02 -8.296012032636316462e+02 -1.293153007005862491e+02
-1.016092400334741797e+03 -8.813354841807738467e+02 -1.347569161539679499e+02
-9.794072340291525052e+02 -8.765030313160766582e+02 -1.029042027130758470e+02
-9.641406077645915502e+02 -8.488959584663050464e+02 -1.152446492982865038e+02
-9.755020277308010463e+02 -9.071499629889102607e+02 -6.835206474189078563e+01
-1.006738942955041693e+03 -9.029735636200508679e+02 -1.037653793349908256e+02
-9.880491787785605311e+02 -8.599316274521847845e+02 -1.281175513263757466e+02
-9.859266792761620763e+02 -8.738025093069361446e+02 -1.121241699692259317e+02
-9.974533622977581899e+02 -9.120410074342457847e+02 -8.541235486351240525e+01
-9.162371947784000668e+02 -8.443935387241593844e+02 -7.184365605424068235e+01
-9.861961111279464376e+02 -8.783580712143295841e+02 -1.078380399136168535e+02
-9.799237393325844323e+02 -8.435883183001806174e+02 -1.363354210324038149e+02
-1.019999737327102025e+03 -8.745833386696881462e+02 -1.454163986574138789e+02
-1.004050675928922146e+03 -8.784140059275677004e+02 -1.256366700013544460e+02
-9.491250055201792293e+02 -8.393993747106862884e+02 -1.097256308094929409e+02
-9.625946949831488837e+02 -8.554721024122646895e+02 -1.071225925708841942e+02
-9.750484622814916520e+02 -8.511639888827894538e+02 -1.238844733987021982e+02
-1.055981473951871749e+03 -9.198486863802203288e+02 -1.361327875716514200e+02
-1.006418907621045264e+03 -9.273301867304086272e+02 -7.908872089063663680e+01
-9.347463131673895305e+02 -8.723910800272609549e+02 -6.235523314012857554e+01
-9.933550719124069701e+02 -8.926314638699876696e+02 -1.007236080424193005e+02
-1.010826514121601008e+03 -8.431069740870231044e+02 -1.677195400345779035e+02
-1.038325321106912043e+03 -9.102679028771078720e+02 -1.280574182298041706e+02
-1.049241996478849615e+03 -8.664549548092355735e+02 -1.827870416696140410e+02
-9.954280503281615893e+02 -9.003919348551900157e+02 -9.503611547297157358e+01
-1.020056326982255200e+03 -9.248589829250859111e+02 -9.519734405716928904e+01
-1.049885736282958533e+03 -9.437621796255898516e+02 -1.061235566573686810e+02
-1.024942683791397258e+03 -8.907214798999117420e+02 -1.342212038914855157e+02
-9.651564005023130903e+02 -8.549238160577201597e+02 -1.102325844445929306e+02
-9.429699790719636212e+02 -8.575035104660718162e+02 -8.546646860589180505e+01
-9.780641708193576278e+02 -8.598341806871580957e+02 -1.182299901321995321e+02
-1.009619345805880698e+03 -9.187824151208280909e+02 -9.083693068505260726e+01
-9.711998901901419003e+02 -8.706723990373702691e+02 -1.005274911527716313e+02
-9.295121432845221534e+02 -8.495657551068986777e+02 -7.994638817762347571e+01
-9.779547524447056048e+02 -8.710174752725586131e+02 -1.069372771721469917e+02
-9.821119084768690755e+02 -8.655518492689091090e+02 -1.165600592079599664e+02
-9.734433812255919065e+02 -8.829493798737482848e+02 -9.049400135184362171e+01
-9.204859175155859248e+02 -8.446423018329015804e+02 -7.584361568268434439e+01
-9.893159499955813772e+02 -8.593092085966583227e+02 -1.300067413989230545e+02
-1.035921712395166651e+03 -9.154482291954909670e+02 -1.204734831996756839e+02
-1.014583625614639800e+03 -9.461708343159988317e+02 -6.841279129864096831e+01
-9.772856040778591478e+02 -8.451651304375723157e+02 -1.321204736402868321e+02
-1.009117801868179868e+03 -8.864218110803899435e+02 -1.226959907877899241e+02
-9.637549212451253879e+02 -8.385162408091524640e+02 -1.252386804359729240e+02
-9.768258780184933130e+02 -9.031043705365714231e+02 -7.372150748192188985e+01
-1.000738694032296166e+03 -9.196054481756001451e+02 -8.113324585669602129e+01
-9.628619441849270970e+02 -8.324450742808937775e+02 -1.304168699040333195e+02
-9.818495043413224721e+02 -8.790098553140053355e+02 -1.028396490273171366e+02
-9.995965106970304532e+02 -8.466915423752589049e+02 -1.529049683217715483e+02
-1.017188399921707514e+03 -9.012252133987860816e+02 -1.159631865229214327e+02
-9.905950431102201037e+02 -8.863415977412497568e+02 -1.042534453689703469e+02
-1.040601636921838235e+03 -9.040826584963757568e+02 -1.365189784254624783e+02
-1.011218510639175975e+03 -8.904350841627299360e+02 -1.207834264764460386e+02
-1.003616299370460865e+03 -8.966110259871909420e+02 -1.070052733832699232e+02
-1.000315603956757741e+03 -8.626492291852825929e+02 -1.376663747714751480e+02
-9.721353637446804896e+02 -8.621346618443028547e+02 -1.100007019003776350e+02
-9.654472380264140838e+02 -8.380452360677452361e+02 -1.274020019586688477e+02
-1.037922313780100694e+03 -8.779519286759189072e+02 -1.599703851041817870e+02
-9.390819374552918362e+02 -8.196687623954848050e+02 -1.194131750598070312e+02
-9.874009019639775033e+02 -8.944923517313402499e+02 -9.290855023263725343e+01
-1.009945032996651889e+03 -8.918166760612277812e+02 -1.181283569354241081e+02
-9.816978302015888858e+02 -8.535283218466088329e+02 -1.281695083549800529e+02
-9.516314618757486414e+02 -8.569086047645985218e+02 -9.472285711115011964e+01
-1.017980778344967348e+03 -8.909932563880799989e+02 -1.269875219568873490e+02
-1.009465406230160056e+03 -8.886839557880784923e+02 -1.207814504420815638e+02
-9.550332127286319519e+02 -8.295686014720773755e+02 -1.254646112565545764e+02
-9.786020359046279964e+02 -8.901672796373687788e+02 -8.843475626725921757e+01
-9.981194161173547172e+02 -8.714574922008960129e+02 -1.266619239164587043e+02
-1.046575878386403019e+03 -9.113191529398329749e+02 -1.352567254465700444e+02
-9.803896820857169132e+02 -8.835748292592662665e+02 -9.681485282645064672e+01
-9.885251253255755728e+02 -8.690030897647737902e+02 -1.195220355608017826e+02
-1.049928467471380372e+03 -8.986861976990146559e+02 -1.512422697723657166e+02
-1.045495703674171637e+03 -8.968731105842281295e+02 -1.486225930899435070e+02
-1.058886583896676484e+03 -8.945283429588728268e+02 -1.643582409378036573e+02
-9.853719220967242336e+02 -8.577006236454930104e+02 -1.276712984512312232e+02
-9.713870444416324972e+02 -8.699171485315382597e+02 -1.014698959100942375e+02
-9.586547075059746703e+02 -8.824172010660663545e+02 -7.623750643990831577e+01
-1.029431797853199669e+03 -8.821531771236510622e+02 -1.472786207295486065e+02
-9.729727628916464255e+02 -8.405689717426723746e+02 -1.324037911489740509e+02
-1.003198473289893059e+03 -8.678413033167646518e+02 -1.353571699731284070e+02
-9.552785643012380206e+02 -8.574738255985866999e+02 -9.780473870265132064e+01
-9.831130497824979102e+02 -8.663870797036832982e+02 -1.167259700788146120e+02
-9.705810749749626893e+02 -8.958361371715169525e+02 -7.474493780344573679e+01
-9.775912614784074322e+02 -8.509196967262859062e+02 -1.266715647521215260e+02
-1.055136220149328892e+03 -9.035022738252874888e+02 -1.516339463240414034e+02
-1.012898932244057505e+03 -8.801625056015498103e+02 -1.327364266425076949e+02
-9.795822377899194180e+02 -8.345808472743711945e+02 -1.450013905155482234e+02
-9.728513308133606188e+02 -8.446852934452170985e+02 -1.281660373681435203e+02
-9.329018284761795030e+02 -8.741713635443570638e+02 -5.873046493182243921e+01
-1.038734073279783161e+03 -9.127592381950812523e+02 -1.259748350847019083e+02
-9.844958510852796962e+02 -8.730134722506285243e+02 -1.114823788346511719e+02
-9.720236890306449595e+02 -8.695953981632718524e+02 -1.024282908673731072e+02
-9.501909937192784810e+02 -8.577845639775173368e+02 -9.240642974176114421e+01
-9.555587500099915133e+02 -8.497650591919039016e+02 -1.057936908180876117e+02
-1.010618631350604915e+03 -8.858663443003803195e+02 -1.247522870502245951e+02
-1.036394264574341605e+03 -8.915534973797988414e+02 -1.448407671945427637e+02
-9.854604304784007809e+02 -9.145881183627610653e+02 -7.087231211563971556e+01
-9.661886988951735020e+02 -8.470127800931961701e+02 -1.191759188019773319e+02
-1.016202562084948681e+03 -8.632517708652535475e+02 -1.529507912196951338e+02
-1.027593935923126992e+03 -9.204907577982683051e+02 -1.071031781248586867e+02
-9.571230032562725683e+02 -8.596854800849791900e+02 -9.743752317129337825e+01
-9.263663437456264091e+02 -8.485516697926840379e+02 -7.781467395294237122e+01
-9.798653666661891748e+02 -8.753894334948390679e+02 -1.044759331713501069e+02
-9.445100322211169441e+02 -8.538658243502663936e+02 -9.064420787085055053e+01
-1.004739771481923299e+03 -8.899380906659609991e+02 -1.148016808159622997e+02
-9.716863368419019480e+02 -8.426604004781348749e+02 -1.290259363637670731e+02
-9.975916915518113228e+02 -8.581429194532099700e+02 -1.394487720986013528e+02
-9.888403660659488423e+02 -8.558470174433971351e+02 -1.329933486225517072e+02
-1.042398649860818523e+03 -9.290117139195717755e+02 -1.133869359412467475e+02
-9.882394632037708107e+02 -8.492759812688283318e+02 -1.389634819349424788e+02
-1.022998366865322623e+03 -8.896264355767571033e+02 -1.333719312885655199e+02
-9.760458888859915305e+02 -8.753644871488734225e+02 -1.006814017371181080e+02
-1.012997106839920548e+03 -8.783235513617306651e+02 -1.346735554781898827e+02
-9.871258846298695744e+02 -8.797677030580912287e+02 -1.073581815717783456e+02
-1.011785580800784942e+03 -9.114500667326195753e+02 -1.003355140681653666e+02
-1.011015063387799955e+03 -9.014068700707666721e+02 -1.096081933170332832e+02
-9.738278081759785891e+02 -8.947896222623131735e+02 -7.903818591366541568e+01
-9.885945633662837508e+02 -8.676472946792305265e+02 -1.209472686870532243e+02
