-3.378894621679764327e+02 -4.563363442016116096e+02 1.184468820336351769e+02
-3.562198516508627222e+02 -4.549521197030402391e+02 9.873226805217751689e+01
-3.370052295625893635e+02 -3.934477073181283799e+02 5.644247775553901647e+01
-3.386437521784715159e+02 -4.335756753585743013e+02 9.493192318010278541e+01
-3.657128638033796051e+02 -4.764958749346152445e+02 1.107830111312356394e+02
-2.988025667317694456e+02 -4.070106346219474744e+02 1.082080678901780288e+02
-3.222263313446650272e+02 -4.711294276995300834e+02 1.489030963548650561e+02
-3.365126706232821903e+02 -4.272325286810617513e+02 9.071985805777956102e+01
-3.949032688657912331e+02 -4.607674381090916427e+02 6.586416924330040956e+01
-3.754434950814210197e+02 -4.680253193959099463e+02 9.258182431448892657e+01
-3.725593357292465271e+02 -4.336485679697702835e+02 6.108923224052375645e+01
-3.560245863695448634e+02 -4.369868514569949980e+02 8.096226508745013462e+01
-3.047917310686185601e+02 -4.995247355236266458e+02 1.947330044550080856e+02
-2.871363863533852054e+02 -3.339225574286207916e+02 4.678617107523558616e+01
-3.511207494222835521e+02 -4.028302936354593271e+02 5.170954421317577498e+01
-3.083843653479812019e+02 -3.821346614703199975e+02 7.375029612233879561e+01
-2.920059748689951675e+02 -3.750008855464486146e+02 8.299491067745344708e+01
-2.832777995413769645e+02 -3.481448908829494258e+02 6.486709134157246126e+01
-2.958732755709136768e+02 -4.300364116412870317e+02 1.341631360703733549e+02
-3.649395161939989976e+02 -4.631257739779870803e+02 9.818625778398808279e+01
-3.382940690188284520e+02 -4.407736802585004057e+02 1.024796112396719536e+02
-3.444673922294910540e+02 -4.097339043196425337e+02 6.526651209015147970e+01
-3.229982646946223781e+02 -4.099021181143728541e+02 8.690385341975047595e+01
-3.552319072173865493e+02 -4.427086346042458445e+02 8.747672738685929517e+01
-3.364852601036864712e+02 -4.132114513885783822e+02 7.672619128489191098e+01
-3.385149790825984724e+02 -4.174498453630923791e+02 7.893486628049390674e+01
-3.392739554293332844e+02 -4.812699964083319060e+02 1.419960409789986215e+02
-3.287623541326056511e+02 -4.025937783821400444e+02 7.383142424953439331e+01
-3.307296495271490357e+02 -3.922332363477539730e+02 6.150358682060493720e+01
-3.789012827663455596e+02 -4.800597215579597901e+02 1.011584387916142305e+02
-3.496528836328049579e+02 -4.989396177466323365e+02 1.492867341138273787e+02
-3.256785688193676833e+02 -3.992457591888054367e+02 7.356719036943775336e+01
-3.363720820840061947e+02 -4.375973269051666534e+02 1.012252448211604587e+02
-3.429723411809516165e+02 -4.516861231163911725e+02 1.087137819354395560e+02
-3.194954548553849918e+02 -4.025046101910663765e+02 8.300915533568138471e+01
-2.352089362903178937e+02 -2.762445714618506258e+02 4.103563517153273210e+01
-3.688166590561475005e+02 -4.563934254458172859e+02 8.757676638966978544e+01
-3.386138286286646917e+02 -4.313855848300176490e+02 9.277175620135295731e+01
-3.224268345358810279e+02 -4.294347813260533826e+02 1.070079467901723547e+02
-2.855525180347454466e+02 -3.994684875832013518e+02 1.139159695484559052e+02
-3.032111892393971289e+02 -4.532814483786730193e+02 1.500702591392758904e+02
-3.158453925493376460e+02 -3.889046139266658315e+02 7.305922137732818555e+01
-2.932373469131239858e+02 -3.612272491939024235e+02 6.798990228077843767e+01
-3.470830641809022836e+02 -4.752968897352606632e+02 1.282138255543583796e+02
-3.868006238363202556e+02 -5.091338192053175931e+02 1.223331953689973375e+02
-3.459107540818264965e+02 -4.220499266303732497e+02 7.613917254854675321e+01
-2.831151349349532325e+02 -3.970400386942203568e+02 1.139249037592671243e+02
-2.862789774332590014e+02 -3.702008348604458092e+02 8.392185742718680785e+01
-3.150449912664645353e+02 -3.987226251567609552e+02 8.367763389029641985e+01
-2.997540204209303738e+02 -3.697657575543686903e+02 7.001173713343831650e+01
-2.939473228837942997e+02 -4.629228997843009665e+02 1.689755769005066668e+02
-3.117638992473443977e+02 -4.297513188209785540e+02 1.179874195736341562e+02
-3.065881952730960052e+02 -3.931749844555533855e+02 8.658678918245738032e+01
-3.109304315240450478e+02 -3.848571471468909522e+02 7.392671562284590436e+01
-3.336306853966311792e+02 -4.432447381362152896e+02 1.096140527395841104e+02
-3.391426364896556720e+02 -4.027358993905668854e+02 6.359326290091121336e+01
-3.224404959070262748e+02 -4.224228111956579141e+02 9.998231528863163931e+01
-3.005876624851003953e+02 -3.657315016101986771e+02 6.514383912509828178e+01
-3.061705670859944348e+02 -3.844932032619745428e+02 7.832263617598010796e+01
-3.090540035741020688e+02 -3.935454896538532807e+02 8.449148607975121195e+01
-3.530417368568515144e+02 -4.153688695419519945e+02 6.232713268510048010e+01
-3.112119072354596483e+02 -3.721257964099754645e+02 6.091388917451581619e+01
-3.167777272615059587e+02 -4.108134569774283023e+02 9.403572971592234353e+01
-2.937884728226696893e+02 -3.842601756832502247e+02 9.047170286058053534e+01
-2.958396614939173332e+02 -3.872932734055718811e+02 9.145361191165454784e+01
-2.938333258592967923e+02 -3.592087614717460156e+02 6.537543561244922330e+01
-3.374965802319030672e+02 -4.018200071461821494e+02 6.432342691427908221e+01
-3.312640607843906650e+02 -3.887679702196022617e+02 5.750390943521159670e+01
-3.776957710747091141e+02 -4.362732963570483093e+02 5.857752528233919520e+01
-2.948336147081315062e+02 -3.894239755470187561e+02 9.459036083888724988e+01
-3.582560662104274911e+02 -4.354454334852426882e+02 7.718936727481519711e+01
-3.386202067760596037e+02 -3.883231843913732746e+02 4.970297761531367087e+01
-3.464020901974688513e+02 -4.192219054738794171e+02 7.281981527641056573e+01
-3.373978541943799883e+02 -4.245922620970126786e+02 8.719440790263269037e+01
-2.726495464452481201e+02 -3.835943698608945169e+02 1.109448234156463968e+02
-3.606547903410121876e+02 -4.444425567291008292e+02 8.378776638808864163e+01
-3.695032188936739317e+02 -5.250123426713595336e+02 1.555091237776856019e+02
-2.381152765757502721e+02 -3.442344449092710761e+02 1.061191683335208040e+02
-3.371524577449300750e+02 -4.435734700609966126e+02 1.064210123160665376e+02
-4.087819080536758634e+02 -5.134621068676834739e+02 1.046801988140076105e+02
-2.965189883544312011e+02 -3.732557923280121486e+02 7.673680397358094751e+01
-3.829346459909778559e+02 -4.631779147300456430e+02 8.024326873906778701e+01
-2.987467101837347627e+02 -3.581048564049606853e+02 5.935814622122592255e+01
-2.825927632862239420e+02 -3.726037787500537775e+02 9.001101546382983543e+01
-2.679551937546445401e+02 -3.853894724344876295e+02 1.174342786798430893e+02
-3.283658634352073022e+02 -4.582342607478140053e+02 1.298683973126067031e+02
-3.139861990220687744e+02 -3.870026270343754504e+02 7.301642801230667601e+01
-3.335982046556547971e+02 -4.347136896845964316e+02 1.011154850289416345e+02
-3.132441755563339143e+02 -4.098716047166605563e+02 9.662742916032664198e+01
-2.702614255674089350e+02 -3.291770649502059882e+02 5.891563938279705326e+01
-3.702925116793406346e+02 -4.561535727047000819e+02 8.586106102535944729e+01
-3.353926479422268585e+02 -4.132191457640153089e+02 7.782649782178845044e+01
-3.558601619443712707e+02 -4.369448221980341600e+02 8.108466025366288932e+01
-3.670227051065057253e+02 -4.604510885344100188e+02 9.342838342790429351e+01
-3.552409754279771619e+02 -4.230781499744526855e+02 6.783717454647552358e+01
-3.410262038916168308e+02 -4.343090820687312998e+02 9.328287817711446905e+01
-3.161688009853244807e+02 -4.050368451577791689e+02 8.886804417245468812e+01
-3.421788210734192148e+02 -4.522563121184655301e+02 1.100774910450463153e+02
-3.402960717312172960e+02 -4.149389762128448069e+02 7.464290448162751090e+01
-3.213350296147464746e+02 -4.014776758098591358e+02 8.014264619511266119e+01
-3.349925923982002587e+02 -4.174209226567911628e+02 8.242833025859090412e+01
-3.467596852804838932e+02 -4.367069143240582321e+02 8.994722904357433890e+01
-2.831709277501814768e+02 -3.650665509430672273e+02 8.189562319288575054e+01
-3.344189129467724229e+02 -3.904226636010116636e+02 5.600375065423924070e+01
-3.828463522014022260e+02 -4.595724000975243939e+02 7.672604789612216791e+01
-3.578061623655194126e+02 -4.759750934626000003e+02 1.181689310970805877e+02
-3.338501865380869162e+02 -4.717962386304020583e+02 1.379460520923151421e+02
-3.205423121472823027e+02 -4.326755388498843899e+02 1.121332267026020872e+02
-3.568953765507825437e+02 -5.120403328595305084e+02 1.551449563087479646e+02
-3.400482465994084578e+02 -4.119466874236512695e+02 7.189844082424281169e+01
-3.220057643757751293e+02 -4.113001824293851882e+02 8.929441805361005891e+01
-3.031627218120863745e+02 -4.167318544388886608e+02 1.135691326268022863e+02
-3.632528813651517794e+02 -4.811826005873611507e+02 1.179297192222093713e+02
-3.389370309765438378e+02 -4.203633514079227211e+02 8.142632043137888331e+01
-3.579238698810046344e+02 -4.432923955753795440e+02 8.536852569437490956e+01
-3.277319614013229057e+02 -3.910931202659974133e+02 6.336115886467450764e+01
-3.576800310095936766e+02 -4.327096742730705046e+02 7.502964326347682800e+01
-3.182413816052035713e+02 -4.482909230298341186e+02 1.300495414246305472e+02
-3.182727555772758024e+02 -3.884022463631735604e+02 7.012949078589775809e+01
-3.574897903302371560e+02 -4.504754367452310930e+02 9.298564641499393701e+01
-2.921426303978881265e+02 -5.400866288477627677e+02 2.479439984498746412e+02
-3.275886736251779325e+02 -3.862105357147650011e+02 5.862186208958706857e+01
-3.535430630490105273e+02 -4.282602417580646375e+02 7.471717870905411019e+01
-3.246672391086726179e+02 -3.978045181967402755e+02 7.313727908806765754e+01
-3.831733241771223675e+02 -4.592344782542961639e+02 7.606115407717379640e+01
-3.492992967424463018e+02 -4.527164454583456745e+02 1.034171487158993727e+02
-3.061022726638946097e+02 -4.488292806017825569e+02 1.427270079378879473e+02
-3.293193855903462008e+02 -3.757104127527834976e+02 4.639102716243729674e+01
-3.305204909676656939e+02 -3.996602765630449881e+02 6.913978559537929414e+01
-3.042629947245000039e+02 -4.301819545336877582e+02 1.259189598091877542e+02
-2.926842708295510533e+02 -3.601957676004474820e+02 6.751149677089642864e+01
-3.470260659817658961e+02 -4.890618897344821221e+02 1.420358237527162260e+02
-2.733056195992041353e+02 -3.284508111318400552e+02 5.514519153263591988e+01
-3.553745964615565640e+02 -4.134840533098466722e+02 5.810945684829010816e+01
-3.391453898452529074e+02 -4.123197975680243985e+02 7.317440772277149108e+01
-3.307301723892201153e+02 -4.346499410244782098e+02 1.039197686352580945e+02
-2.960876342519581499e+02 -3.483230810774238080e+02 5.223544682546565809e+01
-3.573328030883902215e+02 -5.010123126934336710e+02 1.436795096050434495e+02
-2.958503202596883170e+02 -4.261137177150238244e+02 1.302633974553355074e+02
-3.483347200097162499e+02 -4.891487843587694897e+02 1.408140643490532398e+02
-3.620195005902232879e+02 -4.233525287717824881e+02 6.133302818155920022e+01
-3.204937339511086520e+02 -4.031061262094267477e+02 8.261239225831809563e+01
-2.957738977363588901e+02 -4.090972236885945108e+02 1.133233259522356207e+02
-3.032789386087364960e+02 -3.591791267380208978e+02 5.590018812928440184e+01
-3.529419920771104557e+02 -4.795251839299899643e+02 1.265831918528795086e+02
-3.871984859253934701e+02 -4.542842248251419619e+02 6.708573889974849180e+01
-3.030498560660545877e+02 -3.680063985008255827e+02 6.495654243477099499e+01
-3.676641986396396646e+02 -5.002463523920685589e+02 1.325821537524288942e+02
-3.243399289471117299e+02 -4.435945282389371869e+02 1.192545992918254569e+02
-3.045349710086265986e+02 -3.826448065180867957e+02 7.810983550946019704e+01
-2.922817097994362143e+02 -3.483761615146149211e+02 5.609445171517870676e+01
-3.831469456881141014e+02 -4.958540074294722331e+02 1.127070617413581317e+02
-3.769722014395603082e+02 -4.698655607206132458e+02 9.289335928105293760e+01
-3.213347467336653267e+02 -4.454642098618467685e+02 1.241294631281814418e+02
-3.567995010464223355e+02 -4.801214687126339982e+02 1.233219676662116626e+02
-2.986179536359123290e+02 -4.213438939182413492e+02 1.227259402823290202e+02
-2.448887603411924658e+02 -3.025452772728426680e+02 5.765651693165020220e+01
-3.274479309042358750e+02 -4.137522853312436268e+02 8.630435442700775184e+01
-3.288827067149525760e+02 -3.880739617465077913e+02 5.919125503155521528e+01
-2.889331080799789220e+02 -4.210727106519232166e+02 1.321396025719442946e+02
-2.852421132541333009e+02 -3.550741866294092119e+02 6.983207337527591108e+01
-3.426235004781059956e+02 -4.262265144731892974e+02 8.360301399508330178e+01
-2.387008008181762762e+02 -3.282208142956282586e+02 8.952001347745198245e+01
-2.921485993041280267e+02 -3.986162571135812982e+02 1.064676578094532715e+02
-3.538277005330309066e+02 -4.908489854364303255e+02 1.370212849033994189e+02
-3.600728532070490928e+02 -4.734055589834737248e+02 1.133327057764246319e+02
-3.632716720426801089e+02 -4.651643554060689780e+02 1.018926833633888691e+02
-3.958334679873649407e+02 -5.847584354934297153e+02 1.889249675060647746e+02
-3.498214298818829207e+02 -5.036084251700617642e+02 1.537869952881788436e+02
-3.509511029757426854e+02 -4.681647793912970883e+02 1.172136764155544029e+02
-3.416189334595650848e+02 -4.087053908697922111e+02 6.708645741022712627e+01
-2.990166281914763999e+02 -3.513775971817153163e+02 5.236096899023891638e+01
-3.102841469630836855e+02 -3.859154401513794141e+02 7.563129318829572867e+01
-2.968707243724882687e+02 -4.035418484832372314e+02 1.066711241107489627e+02
-2.693397345032205976e+02 -3.569692820893857856e+02 8.762954758616518802e+01
-3.299516681826178797e+02 -3.941358122568380509e+02 6.418414407422017121e+01
-3.390204206928875124e+02 -4.165288571249911911e+02 7.750843643210367873e+01
-3.111086656402583799e+02 -3.705231390575719388e+02 5.941447341731355891e+01
-3.398540386132148683e+02 -3.837953865268657410e+02 4.394134791365087267e+01
-3.024114399967136251e+02 -4.344174685265030007e+02 1.320060285297893756e+02
-3.891813123930776328e+02 -4.837585225270718183e+02 9.457721013399418553e+01
-3.270402556135380223e+02 -4.017398379928689565e+02 7.469958237933093415e+01
-3.591283412913290931e+02 -4.810098075887198661e+02 1.218814662973907730e+02
-3.671813308265475939e+02 -4.837553182359602033e+02 1.165739874094126094e+02
-3.217899520268190940e+02 -4.163546252040720219e+02 9.456467317725292787e+01
-3.163744485400382587e+02 -4.144579127593614203e+02 9.808346421932316161e+01
-3.461216181041678510e+02 -4.083856934236956135e+02 6.226407531952776253e+01
-3.382176577155291284e+02 -4.137709151815076325e+02 7.555325746597850411e+01
-3.505423063506403309e+02 -4.946263364375392939e+02 1.440840300868989630e+02
-3.458658005655868237e+02 -4.286997440742129584e+02 8.283394350862613464e+01
-2.855256827121400534e+02 -3.388224739390550440e+02 5.329679122691499060e+01
-3.404388913058107278e+02 -4.101571535263844339e+02 6.971826222057370614e+01
-3.221369791714996609e+02 -4.914961287036686599e+02 1.693591495321689990e+02
-3.024675573483974063e+02 -4.293631753809768838e+02 1.268956180325794776e+02
-2.822677879057443420e+02 -4.332050413497914292e+02 1.509372534440470872e+02
-2.828451681036755190e+02 -4.086808970415272029e+02 1.258357289378516839e+02
-2.848630783153882362e+02 -3.763367442461831160e+02 9.147366593079487984e+01
-2.680804919342795642e+02 -3.180708819622593069e+02 4.999039002797974263e+01
-3.981493385677369474e+02 -4.819722781484534266e+02 8.382293958071647921e+01
-3.252012218844904510e+02 -4.027591980009061672e+02 7.755797611641571621e+01
