-2.155418259570056705e+02 -1.812022411093360290e+02 -3.433958484766964148e+01
-2.044955484253568159e+02 -1.641058502788810642e+02 -4.038969814647575163e+01
-1.886354098720081254e+02 -1.541869369688981806e+02 -3.444847290310994481e+01
-2.028892765788690156e+02 -1.457568986824648221e+02 -5.713237789640419351e+01
-2.332458219800564905e+02 -2.008181297038219952e+02 -3.242769227623449524e+01
-2.309925160419128076e+02 -1.887589689302448903e+02 -4.223354711166791731e+01
-2.268696526720356985e+02 -1.670166487463654050e+02 -5.985300392567029348e+01
-1.874701734064431378e+02 -1.281490874383163430e+02 -5.932108596812679480e+01
-1.194143173874616792e+02 -5.452549293262409691e+01 -6.488882445483758943e+01
-1.974129978920718145e+02 -1.551621674958948347e+02 -4.225083039617697978e+01
-1.814682630320727412e+02 -1.313558223469338202e+02 -5.011244068513892103e+01
-1.581079364506946376e+02 -1.023635426641703816e+02 -5.574439378652425603e+01
-1.521381842502371171e+02 -1.009319882091552074e+02 -5.120619604108190970e+01
-1.839470621526472485e+02 -1.167543146944724270e+02 -6.719274745817482142e+01
-3.023238879367305003e+02 -2.654886496989692546e+02 -3.683523823776124573e+01
-1.730778343467033835e+02 -1.145633400964827331e+02 -5.851449425022065043e+01
-1.099553355383286544e+02 -7.136780016587661635e+01 -3.858753537245203802e+01
-1.701177295281146939e+02 -1.329982911292231904e+02 -3.711943839889150354e+01
-1.927567452948009645e+02 -1.515687723985573427e+02 -4.118797289624362179e+01
-1.892386559821821947e+02 -1.466808769795917726e+02 -4.255777900259042212e+01
-1.635245817614093369e+02 -1.089550852979143656e+02 -5.456949646349497129e+01
-2.547825391328749447e+02 -2.244320545307137138e+02 -3.035048460216123090e+01
-1.474077952555923332e+02 -9.865496985939509500e+01 -4.875282539619723821e+01
-1.918871022369987145e+02 -1.343105276085483695e+02 -5.757657462845034502e+01
-2.447187675063971426e+02 -2.019319639008256217e+02 -4.278680360557152085e+01
-1.232491523266349844e+02 -2.421639944018106050e+01 -9.903275288645392038e+01
-2.720082290118014612e+02 -2.241390578197809873e+02 -4.786917119202047388e+01
-2.132202880121678845e+02 -1.683664063575483851e+02 -4.485388165461949939e+01
-1.757221312874490877e+02 -1.417671664860043563e+02 -3.395496480144473139e+01
-1.311736292194817395e+02 -9.403188951944478902e+01 -3.714173970003695047e+01
-1.890771553782397518e+02 -1.315659491210800809e+02 -5.751120625715967094e+01
-2.221622758624611436e+02 -1.766485794901263944e+02 -4.551369637233474919e+01
-1.768877001051833986e+02 -1.273436396558178245e+02 -4.954406044936557407e+01
-1.434680288181997128e+02 -8.585658629874038184e+01 -5.761144251945933092e+01
-1.993440064645826340e+02 -1.543742733723414915e+02 -4.496973309224114246e+01
-2.386066725840738059e+02 -1.976696980327400865e+02 -4.093697455133371932e+01
-2.200460628051912408e+02 -1.796124799371326901e+02 -4.043358286805855073e+01
-1.149421208541615869e+02 -4.886750415058858721e+01 -6.607461670357299965e+01
-2.343018732630914940e+02 -1.831053561431403409e+02 -5.119651711995115306e+01
-2.376503180508254331e+02 -1.889870519633503250e+02 -4.866326608747510818e+01
-2.103894811958329853e+02 -1.723467111921980859e+02 -3.804277000363489947e+01
-2.333451181869153004e+02 -1.897131632838895996e+02 -4.363195490302570079e+01
-1.670053127658516416e+02 -1.045904270980682043e+02 -6.241488566778343738e+01
-2.025846847980536722e+02 -1.390859754579875869e+02 -6.349870934006608536e+01
-1.547554888773333630e+02 -9.544717360936918737e+01 -5.930831526796417563e+01
-1.536839045786454676e+02 -1.304909496571753778e+02 -2.319295492147008986e+01
-1.961327818341508475e+02 -1.604482617913409115e+02 -3.568452004280993606e+01
-1.327087890547994959e+02 -3.397433008072001570e+01 -9.873445897407947314e+01
-2.166833523010225235e+02 -1.910072560566758568e+02 -2.567609624434666671e+01
-2.307619889150484767e+02 -2.091637450134240339e+02 -2.159824390162444274e+01
-1.686400286996979219e+02 -1.149544260182880748e+02 -5.368560268140984704e+01
-2.738165655262251335e+02 -2.379494285884161968e+02 -3.586713693780893664e+01
-1.751804257469994752e+02 -1.243185700850560380e+02 -5.086185566194343721e+01
-1.563138466821392001e+02 -1.072514843420399302e+02 -4.906236234009926989e+01
-2.714402019635635384e+02 -2.328531074444643991e+02 -3.858709451909913923e+01
-2.135243010120813665e+02 -1.553931743343447920e+02 -5.813112667773657449e+01
-2.103640602256770364e+02 -1.436036591155510393e+02 -6.676040111012599709e+01
-1.690092107695275558e+02 -1.150391372458194326e+02 -5.397007352370812328e+01
-2.623444076084441008e+02 -2.281509562112192953e+02 -3.419345139722480553e+01
-1.836586004636448308e+02 -1.315376415526496032e+02 -5.212095891099522760e+01
-1.011120035604942871e+02 -6.281824399981829288e+01 -3.829375956067599418e+01
-7.495973566405712063e+01 -1.893669388847331447e+01 -5.602304177558380616e+01
-2.151859324939136968e+02 -1.786330949830382906e+02 -3.655283751087540622e+01
-2.394226515490917961e+02 -1.891381706905883675e+02 -5.028448085850342864e+01
-1.104863577036974220e+02 -5.035114733575156265e+01 -6.013521036794585939e+01
-2.067965752988557142e+02 -1.630994454190956731e+02 -4.369712987976004115e+01
-2.313817545619171483e+02 -1.788530681895690293e+02 -5.252868637234811899e+01
-2.553026546571452116e+02 -2.183706383061152962e+02 -3.693201635102991531e+01
-1.213872098942925248e+02 -5.189255613224271713e+01 -6.949465376204980771e+01
-1.941249951079565506e+02 -1.347439068724922606e+02 -5.938108823546428994e+01
-1.876384848090900448e+02 -1.681113636375201281e+02 -1.952712117156991667e+01
-2.267129451417046084e+02 -1.905821451371043054e+02 -3.613080000460030305e+01
-2.592545309616933196e+02 -2.145276097407124212e+02 -4.472692122098089840e+01
-1.349552028488593294e+02 -7.075424349528766754e+01 -6.420095935357166184e+01
-2.052138845685599335e+02 -1.525150632557288759e+02 -5.269882131283105764e+01
-1.128220063110352100e+02 -6.390568467324430912e+01 -4.891632163779090092e+01
-1.861509410146724690e+02 -1.522822280648278195e+02 -3.386871294984464953e+01
-3.391303105117225414e+02 -3.114482411517695368e+02 -2.768206935995300455e+01
-2.336872169528436416e+02 -1.788467257660007022e+02 -5.484049118684293944e+01
-2.771882815721039037e+02 -2.393242306944962365e+02 -3.786405087760766719e+01
-2.144789674790034155e+02 -1.698247275136446319e+02 -4.465423996535878359e+01
-1.211672575041044269e+02 -5.296597085453775122e+01 -6.820128664956666853e+01
-1.824022578477368484e+02 -1.278644786648810765e+02 -5.453777918285577186e+01
-2.422806123112679018e+02 -2.028166124990279684e+02 -3.946399981223993336e+01
-1.025558271946301261e+02 -5.320792884946739321e+01 -4.934789834516273288e+01
-2.262417169404617994e+02 -1.917899643889633978e+02 -3.445175255149840154e+01
-1.680251254154997866e+02 -1.108677706724404146e+02 -5.715735474305937203e+01
-2.491166796830887336e+02 -2.146758281844053045e+02 -3.444085149868342910e+01
-1.035706247343843245e+02 -3.966297725702478516e+01 -6.390764747735953932e+01
-2.976689138259999368e+02 -2.498254395511974337e+02 -4.784347427480250303e+01
-1.739802393725643412e+02 -1.436092731529008688e+02 -3.037096621966347243e+01
-2.018075350716108289e+02 -1.577439684626012593e+02 -4.406356660900956967e+01
-1.367283568613963780e+02 -7.435870086927825184e+01 -6.236965599211812616e+01
-1.543242520897703685e+02 -1.102551739874805321e+02 -4.406907810228983635e+01
-2.129781100183588194e+02 -1.675523399204209625e+02 -4.542577009793785692e+01
-2.451686898908157275e+02 -2.024403530708125629e+02 -4.272833682000316458e+01
-1.143331201268775317e+02 -4.380011680872440394e+01 -7.053300331815313484e+01
-1.902348781872199766e+02 -1.552851732759074252e+02 -3.494970491131255130e+01
-2.516718162751620866e+02 -2.071080010175460018e+02 -4.456381525761608486e+01
-1.484663524302491737e+02 -8.954009936320611018e+01 -5.892625306704306354e+01
-2.149441249130206870e+02 -1.718650305180412943e+02 -4.307909439497939275e+01
-2.184066095794759121e+02 -1.758308710692141403e+02 -4.257573851026177181e+01
-1.415102488152240028e+02 -1.054081973151541973e+02 -3.610205150006980546e+01
-1.154991807138942335e+02 -4.847013987424189452e+01 -6.702904083965233895e+01
-1.819299608449218510e+02 -1.010510547861144914e+02 -8.087890605880735961e+01
-1.954897213826277209e+02 -1.457016504633472778e+02 -4.978807091928044315e+01
-2.652917523028106643e+02 -2.266916549440687731e+02 -3.860009735874189118e+01
-2.953139790308945862e+02 -2.605703777082069337e+02 -3.474360132268765256e+01
-1.918361804032600730e+02 -1.570005427414509711e+02 -3.483563766180910193e+01
-2.195747864565203713e+02 -1.780000750971691446e+02 -4.157471135935122675e+01
-2.333876667377438139e+02 -1.907880771684351089e+02 -4.259958956930870499e+01
-1.343675069191643558e+02 -7.876901213416890357e+01 -5.559849478499545228e+01
-1.856064714141978698e+02 -1.573010160442360927e+02 -2.830545536996177702e+01
-2.240773021566716068e+02 -1.759240625821119863e+02 -4.815323957455962045e+01
-8.510139146694613999e+01 -3.222188578903192280e+01 -5.287950567791421719e+01
-2.806167328787519750e+02 -2.344251473495884852e+02 -4.619158552916348981e+01
-2.331076505224651783e+02 -2.009090744137551781e+02 -3.219857610871000020e+01
-2.000926772924911177e+02 -1.627102834459554117e+02 -3.738239384653570596e+01
-2.142992572633660018e+02 -1.680911990599525154e+02 -4.620805820341348635e+01
-1.068321726788067139e+02 -6.347935946469200275e+01 -4.335281321411471112e+01
-2.345816534976856644e+02 -1.926866110812966895e+02 -4.189504241638897497e+01
-2.074568326660838409e+02 -1.496228898826265095e+02 -5.783394278345733142e+01
-1.593027480574190804e+02 -1.317357321951939753e+02 -2.756701586222510514e+01
-1.170686241469123132e+02 -4.489440605707657284e+01 -7.217421808983573328e+01
-1.541180945491958596e+02 -1.011076289956458965e+02 -5.301046555354996315e+01
-1.635028126059040119e+02 -1.279250208266996367e+02 -3.557779177920437519e+01
-2.836418250893718209e+02 -2.335425220570666625e+02 -5.009930303230515847e+01
-2.630696613048570498e+02 -2.279127700182159515e+02 -3.515689128664109830e+01
-1.907123652600804746e+02 -1.473187984149505780e+02 -4.339356684512989659e+01
-2.566557888150116469e+02 -2.026112271211779614e+02 -5.404456169383368547e+01
-2.170320807970869907e+02 -1.679870862525308155e+02 -4.904499454455617524e+01
-1.211467444223705172e+02 -5.903338943735302990e+01 -6.211335498501748731e+01
-2.386384326373244278e+02 -1.867616201761877619e+02 -5.187681246113666589e+01
-8.312071139824656996e+01 -5.173248316631630672e+01 -3.138822823193026323e+01
-3.089660183343981998e+02 -2.737052868995025960e+02 -3.526073143489560380e+01
-2.391241496606086514e+02 -2.043345507274578381e+02 -3.478959893315081331e+01
-1.444303702345725924e+02 -8.539957632682222766e+01 -5.903079390775036472e+01
-2.179639814644210389e+02 -1.954559748447147172e+02 -2.250800661970632177e+01
-2.401995562410512548e+02 -1.982223318008179831e+02 -4.197722444023327171e+01
-1.963100749391101374e+02 -1.530323795874120094e+02 -4.327769535169812798e+01
-2.118271972482837668e+02 -1.663350039212470506e+02 -4.549219332703671625e+01
-1.142639353345422677e+02 -5.842786878335501655e+01 -5.583606655118725115e+01
-1.347444037237653163e+02 -1.098758549551742476e+02 -2.486854876859106867e+01
-1.586743959241006507e+02 -1.046009115360518109e+02 -5.407348438804883983e+01
-2.057112305296440127e+02 -1.720306933875436641e+02 -3.368053714210034855e+01
-2.076663917994507074e+02 -1.590318976446217221e+02 -4.863449415482898530e+01
-2.498747078420342120e+02 -2.233540637404528013e+02 -2.652064410158141072e+01
-1.874524602997490206e+02 -1.571490600666301418e+02 -3.030340023311887876e+01
-1.670378777089835296e+02 -7.696562532160544379e+01 -9.007225238737808581e+01
-1.351696543186382655e+02 -9.127008856671700698e+01 -4.389956575192125854e+01
-1.307027046085154325e+02 -7.070481279720391399e+01 -5.999789181131151850e+01
-2.231862623667663286e+02 -1.791249087342874304e+02 -4.406135363247889813e+01
-2.361024139561981769e+02 -1.819854153866988611e+02 -5.411699856949931586e+01
-1.827665499395239408e+02 -1.351677204184746586e+02 -4.759882952104928222e+01
-1.527164057816844718e+02 -8.430612711507163226e+01 -6.841027866661283952e+01
-2.885345276542790884e+02 -2.458191533346401627e+02 -4.271537431963892573e+01
-1.672629817934457890e+02 -1.312790144316238923e+02 -3.598396736182189670e+01
-2.277296793972170121e+02 -1.805154236334125812e+02 -4.721425576380443090e+01
-2.106093391434617672e+02 -1.690807776854261988e+02 -4.152856145803556842e+01
-1.366367812815182958e+02 -9.781459451294279006e+01 -3.882218676857550577e+01
-1.758194346703988913e+02 -9.712796149001576396e+01 -7.869147318038312733e+01
-2.253329496349726355e+02 -1.981958170392606746e+02 -2.713713259571196090e+01
-2.318689738328448584e+02 -2.066413046656930703e+02 -2.522766916715178809e+01
-2.110765868220581751e+02 -1.631959923841083082e+02 -4.788059443794986692e+01
-2.864157624191640821e+02 -2.568472744200176976e+02 -2.956848799914638448e+01
-2.494587094520805977e+02 -2.032325368774952494e+02 -4.622617257458534823e+01
-2.548735299173420401e+02 -2.146402964140437462e+02 -4.023323350329829395e+01
-1.331199037826772269e+02 -7.701231059291554004e+01 -5.610759318976168686e+01
-1.150599294020349674e+02 -4.764381827199648001e+01 -6.741611113003848743e+01
-2.406391497013548531e+02 -2.069055727562562197e+02 -3.373357694509863336e+01
-1.809648195358828957e+02 -1.360208175453076365e+02 -4.494400199057525924e+01
-1.247753557501866908e+02 -7.776220877203061832e+01 -4.701314697815607246e+01
-1.724231057549561967e+02 -1.141003005769117919e+02 -5.832280517804440478e+01
-1.748689907847018503e+02 -1.167665198158416473e+02 -5.810247096886020302e+01
-1.898059603203110726e+02 -1.253566761097842033e+02 -6.444928421052686929e+01
-2.228258883270973456e+02 -1.555282662673153595e+02 -6.729762205978198608e+01
-1.662095190432741560e+02 -1.190816333129320981e+02 -4.712788573034205797e+01
-1.481780135450527212e+02 -9.225831584656323514e+01 -5.591969769848948602e+01
-1.904162321455388280e+02 -1.299322876859356199e+02 -6.048394445960320809e+01
-2.438637343322104698e+02 -1.996210088044047950e+02 -4.424272552780567480e+01
-2.285549284072826310e+02 -1.946659107378528972e+02 -3.388901766942973381e+01
-1.220453342107905712e+02 -8.590510252866238261e+01 -3.614023168212818860e+01
-1.133540571675530373e+02 -4.937701343841406754e+01 -6.397704372913896975e+01
-1.904951075396992053e+02 -1.307610312516753197e+02 -5.973407628802388558e+01
-1.638884896629716081e+02 -1.169408613966424042e+02 -4.694762826632920394e+01
-2.413906869815795346e+02 -1.914900144843609269e+02 -4.990067249721860776e+01
-1.532390015991053929e+02 -1.272875738775034620e+02 -2.595142772160193090e+01
-2.163483651358534701e+02 -1.728583350614119638e+02 -4.349003007444150626e+01
-2.676322291875343353e+02 -2.344526617830828172e+02 -3.317956740445151809e+01
-1.630375134235111148e+02 -1.138892475205235684e+02 -4.914826590298754638e+01
-1.896578198659015300e+02 -1.377754768966059373e+02 -5.188234296929559264e+01
-2.052115146188611732e+02 -1.569536631164484106e+02 -4.825785150241276256e+01
-1.930390219270647663e+02 -1.446134778378007297e+02 -4.842554408926403653e+01
-1.517486556496812966e+02 -1.129426691166992072e+02 -3.880598653298208944e+01
-8.493532432704473933e+01 -5.082171957913178773e+01 -3.411360474791295161e+01
-1.965246944744279176e+02 -1.242883276824003929e+02 -7.223636679202752475e+01
-1.791846962652859361e+02 -1.279281798108126651e+02 -5.125651645447327098e+01
-1.425878089715658632e+02 -1.005108574899310980e+02 -4.207695148163476517e+01
-1.935894569930691489e+02 -1.437714957711273769e+02 -4.981796122194177201e+01
-2.706477762537729177e+02 -2.264647640784976659e+02 -4.418301217527525182e+01
