-9.411293268203735352e-01 2.787409909069538116e-02 2.958108857274055481e-02 4.449133947491645813e-02 1.771271042525768280e-02 3.427448123693466187e-02 7.696736603975296021e-02 9.640740603208541870e-02 1.060577854514122009e-02 2.234171330928802490e-02 3.707815334200859070e-02 5.513026565313339233e-02 1.693885587155818939e-02 1.004631258547306061e-02 5.635038018226623535e-02 1.753921955823898315e-01 1.104793697595596313e-01 2.535622566938400269e-03 1.048237830400466919e-02 1.064398363232612610e-01
5.252634733915328979e-02 -8.375508785247802734e-01 3.219247609376907349e-02 1.718709431588649750e-02 9.263922460377216339e-03 9.208390861749649048e-02 3.869919106364250183e-02 4.392378032207489014e-02 4.453487321734428406e-02 1.263091061264276505e-02 3.924104943871498108e-02 2.429780513048171997e-01 1.350261177867650986e-02 6.370696704834699631e-03 2.963461726903915405e-02 7.396409660577774048e-02 3.960803151130676270e-02 1.386060472577810287e-02 1.418184675276279449e-02 2.116682007908821106e-02
5.855790525674819946e-02 3.381811454892158508e-02 -1.111216306686401367e+00 2.067013531923294067e-01 5.950636696070432663e-03 5.119823291897773743e-02 6.612557917833328247e-02 7.556410133838653564e-02 7.043992727994918823e-02 2.278820052742958069e-02 1.635796390473842621e-02 1.324121654033660889e-01 6.477116141468286514e-03 7.169005926698446274e-03 1.539759989827871323e-02 1.893526762723922729e-01 9.947259724140167236e-02 2.024471759796142578e-03 3.140306472778320312e-02 2.000561356544494629e-02
6.714695692062377930e-02 1.376502029597759247e-02 1.575878560543060303e-01 -8.553758859634399414e-01 1.891683205030858517e-03 3.574328124523162842e-02 2.574923932552337646e-01 6.568529456853866577e-02 2.430224418640136719e-02 6.178419571369886398e-03 1.114377193152904510e-02 4.597634449601173401e-02 3.721070708706974983e-03 3.750233910977840424e-03 2.122687734663486481e-02 7.474661618471145630e-02 3.379262238740921021e-02 2.224088879302144051e-03 1.293084863573312759e-02 1.607028767466545105e-02
8.064008504152297974e-02 2.238125726580619812e-02 1.368541643023490906e-02 5.706417839974164963e-03 -4.711464345455169678e-01 6.743336562067270279e-03 6.388420704752206802e-03 2.744010090827941895e-02 7.197405677288770676e-03 1.497972384095191956e-02 3.371796384453773499e-02 1.028669066727161407e-02 8.680965751409530640e-03 1.593059115111827850e-02 8.271718397736549377e-03 8.339355140924453735e-02 3.556969761848449707e-02 9.712786413729190826e-03 1.875364966690540314e-02 6.166662648320198059e-02
7.277420908212661743e-02 1.037561669945716858e-01 5.491489171981811523e-02 5.028636008501052856e-02 3.144962247461080551e-03 -1.077239513397216797e+00 2.141351997852325439e-01 3.063566610217094421e-02 7.692219316959381104e-02 1.205570530146360397e-02 5.752532184123992920e-02 1.769972890615463257e-01 2.433044090867042542e-02 6.506817881017923355e-03 3.648455813527107239e-02 6.628170609474182129e-02 5.078114196658134460e-02 3.483178559690713882e-03 1.120361778885126114e-02 2.502006664872169495e-02
1.101334467530250549e-01 2.938583865761756897e-02 4.779810458421707153e-02 2.441328316926956177e-01 2.007890958338975906e-03 1.443092077970504761e-01 -9.950582981109619141e-01 4.689698666334152222e-02 1.874374970793724060e-02 1.099541410803794861e-02 1.857550069689750671e-02 1.255134642124176025e-01 8.120249956846237183e-03 4.670466762036085129e-03 2.969657629728317261e-02 5.608791485428810120e-02 5.002468451857566833e-02 2.565566450357437134e-03 8.574784733355045319e-03 3.682559728622436523e-02
1.084357127547264099e-01 2.621713653206825256e-02 4.293446987867355347e-02 4.895299673080444336e-02 6.779250688850879669e-03 1.622866094112396240e-02 3.686330839991569519e-02 -4.972160458564758301e-01 8.394709788262844086e-03 4.779285285621881485e-03 9.176426567137241364e-03 2.886853367090225220e-02 4.513851832598447800e-03 3.340676892548799515e-03 1.465700753033161163e-02 8.516431599855422974e-02 2.434849925339221954e-02 4.830092191696166992e-03 5.526426248252391815e-03 1.720467209815979004e-02
3.443927317857742310e-02 7.674236595630645752e-02 1.155470609664916992e-01 5.228859186172485352e-02 5.133592523634433746e-03 1.176403984427452087e-01 4.253586754202842712e-02 2.423567138612270355e-02 -8.531094789505004883e-01 1.048460509628057480e-02 3.857693076133728027e-02 6.086914241313934326e-02 9.015668183565139771e-03 2.715497650206089020e-02 2.877912297844886780e-02 5.414514616131782532e-02 3.316709399223327637e-02 4.633992910385131836e-03 1.042448878288269043e-01 1.347514986991882324e-02
3.723749890923500061e-02 1.117177680134773254e-02 1.918680407106876373e-02 6.823238916695117950e-03 5.484055727720260620e-03 9.463462047278881073e-03 1.280745957046747208e-02 7.082147523760795593e-03 5.381517112255096436e-03 -9.451345801353454590e-01 2.065459638833999634e-01 2.176423929631710052e-02 6.621089577674865723e-02 3.689353913068771362e-02 7.920044474303722382e-03 2.767821587622165680e-02 7.301273941993713379e-02 3.832378424704074860e-03 1.557735726237297058e-02 3.710613548755645752e-01
3.969890251755714417e-02 2.229587920010089874e-02 8.847452700138092041e-03 7.905726321041584015e-03 7.929681800305843353e-03 2.900767512619495392e-02 1.389915402978658676e-02 8.735182695090770721e-03 1.271969452500343323e-02 1.326823234558105469e-01 -6.778284311294555664e-01 2.114354819059371948e-02 7.968332618474960327e-02 7.040739804506301880e-02 1.882979087531566620e-02 2.739140205085277557e-02 2.754605934023857117e-02 9.345631115138530731e-03 1.817620545625686646e-02 1.215833425521850586e-01
7.467406243085861206e-02 1.746506839990615845e-01 9.060166031122207642e-02 4.126323759555816650e-02 3.060479182749986649e-03 1.129119098186492920e-01 1.188112124800682068e-01 3.476501628756523132e-02 2.539016306400299072e-02 1.768720336258411407e-02 2.674835734069347382e-02 -9.498354792594909668e-01 1.676082238554954529e-02 5.312828812748193741e-03 2.648400329053401947e-02 6.975214928388595581e-02 7.386070489883422852e-02 2.994114998728036880e-03 7.912279106676578522e-03 2.619464136660099030e-02
6.520524621009826660e-02 2.758289501070976257e-02 1.259530708193778992e-02 9.491077624261379242e-03 7.340075913816690445e-03 4.411049187183380127e-02 2.184516191482543945e-02 1.544841192662715912e-02 1.068771909922361374e-02 1.529198884963989258e-01 2.864874005317687988e-01 4.763367772102355957e-02 -1.006537437438964844e+00 3.969836607575416565e-02 1.086772792041301727e-02 3.659770637750625610e-02 7.245850563049316406e-02 6.731856148689985275e-03 1.562530547380447388e-02 1.232106313109397888e-01
2.263532392680644989e-02 7.617116905748844147e-03 8.159575983881950378e-03 5.598705261945724487e-03 7.883987389504909515e-03 6.904656998813152313e-03 7.354069501161575317e-03 6.691948045045137405e-03 1.884161308407783508e-02 4.987309873104095459e-02 1.481623649597167969e-01 8.837433531880378723e-03 2.323561534285545349e-02 -6.345428824424743652e-01 8.988361805677413940e-03 3.492203354835510254e-02 1.543505210429430008e-02 2.041799016296863556e-02 1.847566217184066772e-01 4.822727292776107788e-02
1.082990169525146484e-01 3.022390976548194885e-02 1.494890358299016953e-02 2.703105472028255463e-02 3.491865005344152451e-03 3.302404284477233887e-02 3.988609462976455688e-02 2.504442445933818817e-02 1.703310571610927582e-02 9.132535196840763092e-03 3.379969671368598938e-02 3.757782652974128723e-02 5.425852723419666290e-03 7.667048368602991104e-03 -5.762802958488464355e-01 9.661388397216796875e-02 5.029233172535896301e-02 2.384727587923407555e-03 8.994078263640403748e-03 2.540990710258483887e-02
2.068375200033187866e-01 4.628748446702957153e-02 1.128025949001312256e-01 5.840630456805229187e-02 2.160158194601535797e-02 3.681341931223869324e-02 4.622487723827362061e-02 8.929245173931121826e-02 1.966378837823867798e-02 1.958362758159637451e-02 3.016983158886432648e-02 6.072911620140075684e-02 1.121177710592746735e-02 1.827841252088546753e-02 5.928309261798858643e-02 -1.085912585258483887e+00 1.889956891536712646e-01 6.486391182988882065e-03 2.413020655512809753e-02 2.911441214382648468e-02
1.496388912200927734e-01 2.846886031329631805e-02 6.806052476167678833e-02 3.032733872532844543e-02 1.058223750442266464e-02 3.239359334111213684e-02 4.735163971781730652e-02 2.932064235210418701e-02 1.383436750620603561e-02 5.933321639895439148e-02 3.484675660729408264e-02 7.385791093111038208e-02 2.549494802951812744e-02 9.278789162635803223e-03 3.544355556368827820e-02 2.170681506395339966e-01 -9.622679352760314941e-01 2.451403532177209854e-03 1.207373011857271194e-02 8.244136720895767212e-02
1.543863583356142044e-02 4.478474706411361694e-02 6.226796656847000122e-03 8.972751908004283905e-03 1.298979297280311584e-02 9.988343343138694763e-03 1.091679185628890991e-02 2.614675462245941162e-02 8.688970468938350677e-03 1.400002092123031616e-02 5.314623937010765076e-02 1.345901098102331161e-02 1.064781937748193741e-02 5.517689883708953857e-02 7.555015850812196732e-03 3.348948433995246887e-02 1.101985573768615723e-02 -4.466925263404846191e-01 7.789167016744613647e-02 2.615292370319366455e-02
2.534352056682109833e-02 1.819547824561595917e-02 3.835374489426612854e-02 2.071492187678813934e-02 9.959257207810878754e-03 1.275730133056640625e-02 1.448831055313348770e-02 1.187926344573497772e-02 7.761586457490921021e-02 2.259627729654312134e-02 4.104401916265487671e-02 1.412306725978851318e-02 9.813797660171985626e-03 1.982563287019729614e-01 1.131451874971389771e-02 4.947081953287124634e-02 2.155188657343387604e-02 3.092956356704235077e-02 -6.539323329925537109e-01 2.552431821823120117e-02
1.305183321237564087e-01 1.377356983721256256e-02 1.239218190312385559e-02 1.305690128356218338e-02 1.660930737853050232e-02 1.444937940686941147e-02 3.155764192342758179e-02 1.875649765133857727e-02 5.088496953248977661e-03 2.729914486408233643e-01 1.392454355955123901e-01 2.371373958885669708e-02 3.924795612692832947e-02 2.624701522290706635e-02 1.621222682297229767e-02 3.027305752038955688e-02 7.463615387678146362e-02 5.266998894512653351e-03 1.294536609202623367e-02 -8.969815969467163086e-01
