-8.196296691894531250e-01 3.966517746448516846e-02 2.343520335853099823e-02 4.268687590956687927e-02 1.552743185311555862e-02 4.072110727429389954e-02 7.297574728727340698e-02 7.812990993261337280e-02 1.284268591552972794e-02 2.366739697754383087e-02 3.816691413521766663e-02 4.007058590650558472e-02 1.343465782701969147e-02 9.796683676540851593e-03 4.011818021535873413e-02 1.430070549249649048e-01 8.123106509447097778e-02 2.871442120522260666e-03 8.532507345080375671e-03 9.274902939796447754e-02
6.119078770279884338e-02 -7.266714572906494141e-01 2.950584143400192261e-02 2.516853250563144684e-02 5.117222666740417480e-03 8.596622198820114136e-02 4.891167953610420227e-02 2.903785370290279388e-02 4.594141989946365356e-02 1.234376430511474609e-02 3.739425167441368103e-02 1.765920519828796387e-01 9.954072535037994385e-03 7.118823938071727753e-03 1.611355878412723541e-02 5.046043917536735535e-02 4.575909301638603210e-02 6.142129655927419662e-03 1.141446363180875778e-02 2.253927476704120636e-02
4.667656123638153076e-02 3.809443488717079163e-02 -8.101111650466918945e-01 1.392520368099212646e-01 5.586082581430673599e-03 4.846308752894401550e-02 5.218465626239776611e-02 6.221083924174308777e-02 5.464748665690422058e-02 1.377865485846996307e-02 1.718971878290176392e-02 7.584468275308609009e-02 8.071633055806159973e-03 8.470839820802211761e-03 1.209380570799112320e-02 1.208932250738143921e-01 7.299164682626724243e-02 2.137989504262804985e-03 1.621819101274013519e-02 1.530551537871360779e-02
6.711683422327041626e-02 2.565182745456695557e-02 1.099280342459678650e-01 -7.283119559288024902e-01 1.654064049944281578e-03 4.038665443658828735e-02 2.041830122470855713e-01 5.466743186116218567e-02 2.007273584604263306e-02 5.186710041016340256e-03 1.071002706885337830e-02 3.603252768516540527e-02 3.271820722147822380e-03 3.975579049438238144e-03 2.077692188322544098e-02 6.657537072896957397e-02 3.949409350752830505e-02 1.454640179872512817e-03 6.212068721652030945e-03 1.096164435148239136e-02
6.501673161983489990e-02 1.388938911259174347e-02 1.174363866448402405e-02 4.404947161674499512e-03 -3.636840581893920898e-01 6.066631060093641281e-03 3.402302041649818420e-03 1.502386014908552170e-02 9.680580347776412964e-03 1.615034602582454681e-02 2.629317343235015869e-02 4.803098272532224655e-03 8.829078637063503265e-03 1.663933694362640381e-02 3.155501326546072960e-03 6.288429349660873413e-02 3.191998600959777832e-02 3.815964329987764359e-03 1.625456660985946655e-02 4.371062666177749634e-02
8.659861236810684204e-02 1.185066029429435730e-01 5.174546316266059875e-02 5.462509021162986755e-02 3.081154311075806618e-03 -9.748472571372985840e-01 1.632901877164840698e-01 2.857011370360851288e-02 6.174759939312934875e-02 1.397194992750883102e-02 4.759858921170234680e-02 1.300441026687622070e-01 2.195068262517452240e-02 8.080859668552875519e-03 2.075677551329135895e-02 6.622223556041717529e-02 5.488270148634910583e-02 3.823274048045277596e-03 1.285811886191368103e-02 2.649309113621711731e-02
1.163651794195175171e-01 5.055690556764602661e-02 4.177891835570335388e-02 2.070747166872024536e-01 1.295662601478397846e-03 1.224371641874313354e-01 -9.034531712532043457e-01 3.827813267707824707e-02 1.641082204878330231e-02 1.219836063683032990e-02 2.141308225691318512e-02 8.405141532421112061e-02 7.586600724607706070e-03 4.961822181940078735e-03 2.515735104680061340e-02 6.226852536201477051e-02 5.546880513429641724e-02 2.110684290528297424e-03 7.173894438892602921e-03 2.686516568064689636e-02
9.224624186754226685e-02 2.222384698688983917e-02 3.687798976898193359e-02 4.105092957615852356e-02 4.236306995153427124e-03 1.586178131401538849e-02 2.834246307611465454e-02 -3.951124250888824463e-01 9.496518410742282867e-03 3.634241176769137383e-03 8.720272220671176910e-03 1.859858632087707520e-02 3.240307327359914780e-03 3.800761420279741287e-03 1.205814629793167114e-02 5.959656834602355957e-02 2.020369283854961395e-02 2.374310512095689774e-03 3.829205408692359924e-03 8.720261976122856140e-03
3.553828969597816467e-02 8.240783214569091797e-02 7.592428475618362427e-02 3.532727807760238647e-02 6.397592835128307343e-03 8.034694939851760864e-02 2.847911603748798370e-02 2.225736528635025024e-02 -6.749104261398315430e-01 1.035012956708669662e-02 3.194855898618698120e-02 3.519193455576896667e-02 9.600177407264709473e-03 3.055802732706069946e-02 1.166202407330274582e-02 4.311079531908035278e-02 2.681395970284938812e-02 7.643627468496561050e-03 8.583238720893859863e-02 1.552004460245370865e-02
3.120705671608448029e-02 1.055050641298294067e-02 9.121767245233058929e-03 4.349678754806518555e-03 5.085792392492294312e-03 8.662994019687175751e-03 1.008693501353263855e-02 4.058679100126028061e-03 4.931821953505277634e-03 -7.974327206611633301e-01 1.953928917646408081e-01 1.270386017858982086e-02 5.460494756698608398e-02 3.030040673911571503e-02 5.333791952580213547e-03 1.407386083155870438e-02 4.189416393637657166e-02 2.730238717049360275e-03 1.043691579252481461e-02 3.419064581394195557e-01
3.571035340428352356e-02 2.267959527671337128e-02 8.075059391558170319e-03 6.373244803398847580e-03 5.875226575881242752e-03 2.094159647822380066e-02 1.256440021097660065e-02 6.910441908985376358e-03 1.080233603715896606e-02 1.386479884386062622e-01 -5.953382253646850586e-01 1.471718959510326385e-02 7.501026988029479980e-02 5.994642153382301331e-02 8.627761155366897583e-03 1.609947346150875092e-02 2.214764431118965149e-02 6.547295022755861282e-03 1.849216595292091370e-02 1.051697954535484314e-01
7.841787487268447876e-02 2.240185141563415527e-01 7.452197372913360596e-02 4.484840855002403259e-02 2.244839677587151527e-03 1.196709349751472473e-01 1.031548976898193359e-01 3.082747384905815125e-02 2.488810382783412933e-02 1.885483786463737488e-02 3.078273124992847443e-02 -9.655199050903320312e-01 1.486008521169424057e-02 5.856224801391363144e-03 2.324386313557624817e-02 6.666978448629379272e-02 6.771799176931381226e-02 2.276503713801503181e-03 8.559556677937507629e-03 2.410539798438549042e-02
3.899038955569267273e-02 1.872643642127513885e-02 1.176148559898138046e-02 6.039254833012819290e-03 6.119569297879934311e-03 2.995626069605350494e-02 1.380809117108583450e-02 7.965000346302986145e-03 1.006861031055450439e-02 1.201878637075424194e-01 2.326722443103790283e-01 2.203752659261226654e-02 -7.251076698303222656e-01 4.120777919888496399e-02 5.667434073984622955e-03 2.101185545325279236e-02 4.246809333562850952e-02 5.462634377181529999e-03 1.356912590563297272e-02 7.738799601793289185e-02
1.779847964644432068e-02 8.383694104850292206e-03 7.726808544248342514e-03 4.593747202306985855e-03 7.219620514661073685e-03 6.903511472046375275e-03 5.653279833495616913e-03 5.848481319844722748e-03 2.006265707314014435e-02 4.174937307834625244e-02 1.164018809795379639e-01 5.436659790575504303e-03 2.579598315060138702e-02 -5.141345858573913574e-01 4.276060964912176132e-03 1.739876344799995422e-02 1.262331753969192505e-02 2.342818304896354675e-02 1.478411555290222168e-01 3.499288111925125122e-02
1.115033328533172607e-01 2.903096377849578857e-02 1.687638647854328156e-02 3.672744706273078918e-02 2.094544237479567528e-03 2.712783589959144592e-02 4.384974017739295959e-02 2.838545292615890503e-02 1.171331573277711868e-02 1.124295312911272049e-02 2.562935650348663330e-02 3.301152214407920837e-02 5.427528638392686844e-03 6.541640497744083405e-03 -5.343455076217651367e-01 6.936581432819366455e-02 4.026291519403457642e-02 2.472068415954709053e-03 5.877218674868345261e-03 2.720544859766960144e-02
1.902664452791213989e-01 4.351902008056640625e-02 8.075632154941558838e-02 5.633537843823432922e-02 1.998119242489337921e-02 4.143021255731582642e-02 5.195516720414161682e-02 6.715751439332962036e-02 2.072765119373798370e-02 1.420089229941368103e-02 2.289334684610366821e-02 4.532568529248237610e-02 9.632481262087821960e-03 1.274146232753992081e-02 3.320500254631042480e-02 -9.242043495178222656e-01 1.724342256784439087e-01 3.808670444414019585e-03 1.228961907327175140e-02 2.554410137236118317e-02
1.271709650754928589e-01 4.643726348876953125e-02 5.737316608428955078e-02 3.932429105043411255e-02 1.193446759134531021e-02 4.040265828371047974e-02 5.445905029773712158e-02 2.678953669965267181e-02 1.517001725733280182e-02 4.974129050970077515e-02 3.705836087465286255e-02 5.417269468307495117e-02 2.290855161845684052e-02 1.087766047567129135e-02 2.267902716994285583e-02 2.029011696577072144e-01 -9.254819154739379883e-01 2.928663277998566628e-03 1.038735825568437576e-02 9.276575595140457153e-02
1.254540216177701950e-02 1.739509776234626770e-02 4.689860623329877853e-03 4.042062442749738693e-03 3.981652203947305679e-03 7.854681462049484253e-03 5.783134605735540390e-03 8.785989135503768921e-03 1.206822320818901062e-02 9.046546183526515961e-03 3.057309053838253021e-02 5.082337651401758194e-03 8.223481476306915283e-03 5.634031444787979126e-02 3.885960672050714493e-03 1.250700186938047409e-02 8.173125796020030975e-03 -2.716062963008880615e-01 4.974542185664176941e-02 1.088292896747589111e-02
1.913303323090076447e-02 1.659151725471019745e-02 1.825910434126853943e-02 8.859441615641117096e-03 8.704765699803829193e-03 1.355792582035064697e-02 1.008829101920127869e-02 7.272513117641210556e-03 6.955329328775405884e-02 1.774912700057029724e-02 4.431878775358200073e-02 9.807743132114410400e-03 1.048402767628431320e-02 1.824730485677719116e-01 4.741682205349206924e-03 2.071289904415607452e-02 1.487806625664234161e-02 2.553146705031394958e-02 -5.232337713241577148e-01 2.051707543432712555e-02
1.024152040481567383e-01 1.613312028348445892e-02 8.485410362482070923e-03 7.698279805481433868e-03 1.152700744569301605e-02 1.375613082200288773e-02 1.860373094677925110e-02 8.155548945069313049e-03 6.193088833242654800e-03 2.863254845142364502e-01 1.241192072629928589e-01 1.360128633677959442e-02 2.944405935704708099e-02 2.126820944249629974e-02 1.080847252160310745e-02 2.120024710893630981e-02 6.543000042438507080e-02 2.750529441982507706e-03 1.010330021381378174e-02 -7.780182957649230957e-01
