-9.489948749542236328e-01 2.770216204226016998e-02 3.055790252983570099e-02 4.403620958328247070e-02 1.735404133796691895e-02 3.318276628851890564e-02 7.709208875894546509e-02 9.943667054176330566e-02 1.088309753686189651e-02 2.183420769870281219e-02 3.697267547249794006e-02 5.617500096559524536e-02 1.646321639418601990e-02 1.093617547303438187e-02 5.584679916501045227e-02 1.780674457550048828e-01 1.131036356091499329e-01 2.611217088997364044e-03 9.673400782048702240e-03 1.070662140846252441e-01
5.258330330252647400e-02 -8.440240621566772461e-01 3.162561729550361633e-02 1.746733300387859344e-02 8.285803720355033875e-03 9.606067091226577759e-02 3.628842905163764954e-02 4.426054283976554871e-02 4.587697610259056091e-02 1.148779038339853287e-02 3.920324146747589111e-02 2.466796785593032837e-01 1.444661524146795273e-02 6.492079235613346100e-03 3.145510330796241760e-02 7.390858232975006104e-02 3.898876160383224487e-02 1.397290825843811035e-02 1.430510357022285461e-02 2.063544280827045441e-02
6.066657975316047668e-02 3.307735919952392578e-02 -1.125949621200561523e+00 2.106346786022186279e-01 5.336696747690439224e-03 5.293010547757148743e-02 6.333807110786437988e-02 7.607727497816085815e-02 7.187546044588088989e-02 2.332468144595623016e-02 1.564243249595165253e-02 1.351466029882431030e-01 6.416775286197662354e-03 7.788266055285930634e-03 1.512433681637048721e-02 1.928877830505371094e-01 1.015793383121490479e-01 1.998552586883306503e-03 3.176778182387351990e-02 2.033679001033306122e-02
6.679140776395797729e-02 1.395735424011945724e-02 1.609216779470443726e-01 -8.589647412300109863e-01 2.293605357408523560e-03 3.566456958651542664e-02 2.597857415676116943e-01 6.671470403671264648e-02 2.376406639814376831e-02 5.828138906508684158e-03 1.095066219568252563e-02 4.786059632897377014e-02 3.288791514933109283e-03 3.701151115819811821e-03 2.156539447605609894e-02 6.998004019260406494e-02 3.285928443074226379e-02 2.227728953585028648e-03 1.295569725334644318e-02 1.785414479672908783e-02
8.099021762609481812e-02 2.037193812429904938e-02 1.254522614181041718e-02 7.057323586195707321e-03 -4.704714417457580566e-01 5.491913296282291412e-03 6.950843147933483124e-03 2.438535541296005249e-02 7.916219532489776611e-03 1.496800594031810760e-02 3.490719571709632874e-02 1.169327273964881897e-02 8.692028000950813293e-03 1.780976168811321259e-02 5.800657905638217926e-03 8.717601746320724487e-02 3.181939944624900818e-02 1.127563696354627609e-02 1.695694029331207275e-02 6.366349756717681885e-02
7.048204541206359863e-02 1.074922829866409302e-01 5.662949383258819580e-02 4.994502663612365723e-02 2.499525668099522591e-03 -1.089820623397827148e+00 2.185792177915573120e-01 3.055119700729846954e-02 7.738706469535827637e-02 1.112873665988445282e-02 5.698848143219947815e-02 1.787122040987014771e-01 2.621433883905410767e-02 7.575080264359712601e-03 3.732211887836456299e-02 6.669645011425018311e-02 5.243322998285293579e-02 3.771140705794095993e-03 1.074700243771076202e-02 2.466601133346557617e-02
1.112852469086647034e-01 2.759699337184429169e-02 4.605391994118690491e-02 2.472478002309799194e-01 2.149974461644887924e-03 1.485493332147598267e-01 -1.003609538078308105e+00 4.814381152391433716e-02 1.878496631979942322e-02 1.038723345845937729e-02 1.794316247105598450e-02 1.290195733308792114e-01 9.013611823320388794e-03 4.929636605083942413e-03 3.114827722311019897e-02 5.659765005111694336e-02 4.684967175126075745e-02 2.731645945459604263e-03 8.408029563724994659e-03 3.676895797252655029e-02
1.105128303170204163e-01 2.591484598815441132e-02 4.258876666426658630e-02 4.888515174388885498e-02 5.807152017951011658e-03 1.598558016121387482e-02 3.706626221537590027e-02 -4.964635968208312988e-01 8.535815402865409851e-03 4.267257172614336014e-03 9.061783552169799805e-03 2.825595438480377197e-02 3.937921021133661270e-03 3.968056757003068924e-03 1.404494419693946838e-02 8.561824262142181396e-02 2.462927997112274170e-02 4.521913360804319382e-03 5.428241565823554993e-03 1.743360608816146851e-02
3.563610464334487915e-02 7.914041727781295776e-02 1.185475066304206848e-01 5.130359902977943420e-02 5.554227158427238464e-03 1.192999258637428284e-01 4.261087253689765930e-02 2.514876239001750946e-02 -8.674556612968444824e-01 1.010286808013916016e-02 3.844122961163520813e-02 6.178887560963630676e-02 7.588224019855260849e-03 2.988308854401111603e-02 3.061465732753276825e-02 5.387812852859497070e-02 3.413261473178863525e-02 4.897565580904483795e-03 1.051292940974235535e-01 1.375771034508943558e-02
3.773787990212440491e-02 1.046025753021240234e-02 2.030625566840171814e-02 6.641394924372434616e-03 5.543346982449293137e-03 9.055659174919128418e-03 1.243690215051174164e-02 6.636250764131546021e-03 5.332698579877614975e-03 -9.668973088264465332e-01 2.114613354206085205e-01 2.208214066922664642e-02 6.760045140981674194e-02 3.847425431013107300e-02 7.264973595738410950e-03 2.747252210974693298e-02 7.554791122674942017e-02 3.899253671988844872e-03 1.621203683316707611e-02 3.827317655086517334e-01
3.950752317905426025e-02 2.206920459866523743e-02 8.419324643909931183e-03 7.714870385825634003e-03 7.992487400770187378e-03 2.866949699819087982e-02 1.328220218420028687e-02 8.712574839591979980e-03 1.254464685916900635e-02 1.307343840599060059e-01 -6.783871650695800781e-01 2.213475666940212250e-02 8.180971443653106689e-02 7.248119264841079712e-02 1.905564405024051666e-02 2.647242881357669830e-02 2.749448828399181366e-02 9.383508004248142242e-03 1.849893294274806976e-02 1.214097589254379272e-01
7.543818652629852295e-02 1.745208501815795898e-01 9.141706675291061401e-02 4.237557575106620789e-02 3.364745993167161942e-03 1.129890680313110352e-01 1.200261637568473816e-01 3.414224088191986084e-02 2.534082345664501190e-02 1.715731061995029449e-02 2.781787887215614319e-02 -9.528608918190002441e-01 1.634846627712249756e-02 5.334242247045040131e-03 2.568730525672435760e-02 6.788302958011627197e-02 7.538849115371704102e-02 3.212249139323830605e-03 7.830139249563217163e-03 2.658706717193126678e-02
6.335742771625518799e-02 2.928968518972396851e-02 1.243866141885519028e-02 8.344656787812709808e-03 7.167570292949676514e-03 4.749586433172225952e-02 2.403000555932521820e-02 1.363589707762002945e-02 8.918364532291889191e-03 1.505193412303924561e-01 2.946379780769348145e-01 4.685022681951522827e-02 -1.012631654739379883e+00 3.858263045549392700e-02 9.799762628972530365e-03 3.610011935234069824e-02 7.660702615976333618e-02 6.126909982413053513e-03 1.481465250253677368e-02 1.239149048924446106e-01
2.470460347831249237e-02 7.726129144430160522e-03 8.861906826496124268e-03 5.512372590601444244e-03 8.620620705187320709e-03 8.056264370679855347e-03 7.714353036135435104e-03 8.065367117524147034e-03 2.061579935252666473e-02 5.028547346591949463e-02 1.532282382249832153e-01 8.972986601293087006e-03 2.264755964279174805e-02 -6.461088061332702637e-01 9.542796760797500610e-03 3.538502752780914307e-02 1.403851993381977081e-02 2.025443501770496368e-02 1.828175783157348633e-01 4.905874282121658325e-02
1.056176722049713135e-01 3.133973479270935059e-02 1.440750248730182648e-02 2.688964642584323883e-02 2.350626513361930847e-03 3.323063999414443970e-02 4.080792888998985291e-02 2.389968931674957275e-02 1.768194325268268585e-02 7.949362508952617645e-03 3.372586518526077271e-02 3.617501631379127502e-02 4.815829452127218246e-03 7.989169098436832428e-03 -5.720971822738647461e-01 9.712359309196472168e-02 5.090320110321044922e-02 2.684674225747585297e-03 8.838626556098461151e-03 2.566648460924625397e-02
2.114421874284744263e-01 4.623468220233917236e-02 1.153681352734565735e-01 5.478613823652267456e-02 2.218054607510566711e-02 3.728584572672843933e-02 4.655623063445091248e-02 9.147604554891586304e-02 1.953808218240737915e-02 1.887407153844833374e-02 2.941724844276905060e-02 6.002335250377655029e-02 1.113866269588470459e-02 1.860005967319011688e-02 6.098086386919021606e-02 -1.093426346778869629e+00 1.896348446607589722e-01 6.631964351981878281e-03 2.330805920064449310e-02 2.994917146861553192e-02
1.540932357311248779e-01 2.798415720462799072e-02 6.970860064029693604e-02 2.951579168438911438e-02 9.288957342505455017e-03 3.363161534070968628e-02 4.421664401888847351e-02 3.019204922020435333e-02 1.420165039598941803e-02 5.955104529857635498e-02 3.505530580878257751e-02 7.648282498121261597e-02 2.712019532918930054e-02 8.466734550893306732e-03 3.667023777961730957e-02 2.175795137882232666e-01 -9.714319705963134766e-01 2.658519661054015160e-03 1.063185930252075195e-02 8.438302576541900635e-02
1.552719436585903168e-02 4.377263039350509644e-02 5.986040458083152771e-03 8.733768947422504425e-03 1.436677109450101852e-02 1.055739726871252060e-02 1.125243864953517914e-02 2.419391646981239319e-02 8.893906138837337494e-03 1.341502275317907333e-02 5.221752822399139404e-02 1.422365102916955948e-02 9.466920047998428345e-03 5.331602320075035095e-02 8.441182784736156464e-03 3.321123495697975159e-02 1.160333678126335144e-02 -4.428869187831878662e-01 7.825790345668792725e-02 2.545007504522800446e-02
2.380761317908763885e-02 1.854784786701202393e-02 3.938198834657669067e-02 2.102261781692504883e-02 8.942361921072006226e-03 1.245254557579755783e-02 1.433517970144748688e-02 1.202069967985153198e-02 7.901739329099655151e-02 2.308522909879684448e-02 4.260734468698501587e-02 1.435020379722118378e-02 9.474260732531547546e-03 1.991784125566482544e-01 1.150225847959518433e-02 4.830984398722648621e-02 1.920608803629875183e-02 3.239029645919799805e-02 -6.566851139068603516e-01 2.705297246575355530e-02
1.322053521871566772e-01 1.342382282018661499e-02 1.264890842139720917e-02 1.453533209860324860e-02 1.684438437223434448e-02 1.433935482054948807e-02 3.145213797688484192e-02 1.936947181820869446e-02 5.188060924410820007e-03 2.734330594539642334e-01 1.402979344129562378e-01 2.444662339985370636e-02 3.975917398929595947e-02 2.681640721857547760e-02 1.675809361040592194e-02 3.114398755133152008e-02 7.647943496704101562e-02 5.284885875880718231e-03 1.357297040522098541e-02 -9.079993367195129395e-01
