-9.146083593368530273e-01 2.678881399333477020e-02 3.092579357326030731e-02 4.350354522466659546e-02 1.751705631613731384e-02 3.030346520245075226e-02 7.055450975894927979e-02 9.131541103124618530e-02 1.200075633823871613e-02 2.405049465596675873e-02 3.975608572363853455e-02 5.736457183957099915e-02 1.499988976866006851e-02 1.072088256478309631e-02 5.172374472022056580e-02 1.677965223789215088e-01 1.092791110277175903e-01 2.676132367923855782e-03 1.163834985345602036e-02 1.016932278871536255e-01
5.167609080672264099e-02 -8.130885958671569824e-01 3.020483814179897308e-02 1.795096136629581451e-02 8.749350905418395996e-03 9.056044369935989380e-02 3.801660239696502686e-02 3.959121182560920715e-02 4.563177376985549927e-02 1.440247055143117905e-02 3.656660020351409912e-02 2.240285128355026245e-01 1.426634378731250763e-02 7.253217510879039764e-03 2.855391427874565125e-02 7.378660142421722412e-02 4.025948047637939453e-02 1.530895102769136429e-02 1.541662961244583130e-02 2.086461521685123444e-02
6.117909029126167297e-02 3.097579628229141235e-02 -1.071290493011474609e+00 1.971113532781600952e-01 5.451679229736328125e-03 5.351295322179794312e-02 6.112538650631904602e-02 6.859584152698516846e-02 6.648337841033935547e-02 2.103241346776485443e-02 1.508502941578626633e-02 1.293921172618865967e-01 6.979178171604871750e-03 7.143071386963129044e-03 1.484311837702989578e-02 1.852361410856246948e-01 9.599386155605316162e-02 2.165240468457341194e-03 2.967708371579647064e-02 1.930779591202735901e-02
6.875223666429519653e-02 1.470664888620376587e-02 1.574677675962448120e-01 -8.511421680450439453e-01 1.668165670707821846e-03 3.514983505010604858e-02 2.449156790971755981e-01 6.751515716314315796e-02 2.501040324568748474e-02 6.025657057762145996e-03 1.030418835580348969e-02 4.858163744211196899e-02 3.016044618561863899e-03 4.615680314600467682e-03 2.165688201785087585e-02 7.386743277311325073e-02 3.283229470252990723e-02 2.001564251258969307e-03 1.338524371385574341e-02 1.966968923807144165e-02
7.857628166675567627e-02 2.034557424485683441e-02 1.236170623451471329e-02 4.734861664474010468e-03 -4.524962902069091797e-01 5.697029177099466324e-03 8.145645260810852051e-03 2.379349991679191589e-02 8.347820490598678589e-03 1.750675961375236511e-02 3.228944540023803711e-02 1.371141336858272552e-02 7.904018275439739227e-03 1.629844866693019867e-02 5.669448990374803543e-03 8.191049844026565552e-02 3.554798290133476257e-02 9.366645477712154388e-03 1.692139357328414917e-02 5.336783081293106079e-02
6.683700531721115112e-02 1.035445034503936768e-01 5.966249853372573853e-02 4.905528202652931213e-02 2.801191527396440506e-03 -1.055724620819091797e+00 2.017534971237182617e-01 2.873206324875354767e-02 7.408160716295242310e-02 1.246719993650913239e-02 5.523159727454185486e-02 1.729097068309783936e-01 2.792351134121417999e-02 7.425794377923011780e-03 3.514514863491058350e-02 6.753049045801162720e-02 5.256457999348640442e-02 3.201453946530818939e-03 1.275263167917728424e-02 2.210484072566032410e-02
1.069510281085968018e-01 2.987426705658435822e-02 4.683814197778701782e-02 2.349170595407485962e-01 2.752677537500858307e-03 1.386617124080657959e-01 -9.933804273605346680e-01 4.669762775301933289e-02 1.732016354799270630e-02 8.696891367435455322e-03 2.059387974441051483e-02 1.302740573883056641e-01 1.249724999070167542e-02 6.078574340790510178e-03 3.003463335335254669e-02 5.910375714302062988e-02 5.149625986814498901e-02 2.046700101345777512e-03 7.605840917676687241e-03 4.093990847468376160e-02
1.054581627249717712e-01 2.370274998247623444e-02 4.004531726241111755e-02 4.933728277683258057e-02 6.125818472355604172e-03 1.504451688379049301e-02 3.557711839675903320e-02 -4.864981174468994141e-01 9.094305336475372314e-03 4.759464412927627563e-03 1.181637961417436600e-02 3.081727214157581329e-02 2.210001461207866669e-03 3.895185189321637154e-03 1.571067050099372864e-02 7.921719551086425781e-02 2.666619978845119476e-02 3.706094343215227127e-03 5.645394325256347656e-03 1.766898855566978455e-02
4.084965214133262634e-02 8.052133023738861084e-02 1.143959686160087585e-01 5.386891961097717285e-02 6.334648933261632919e-03 1.143313869833946228e-01 3.889301419258117676e-02 2.680483646690845490e-02 -8.831824064254760742e-01 1.166847068816423416e-02 4.240179434418678284e-02 7.313961535692214966e-02 5.786670837551355362e-03 2.732118777930736542e-02 3.255494683980941772e-02 5.510865524411201477e-02 3.460538014769554138e-02 3.913862630724906921e-03 1.068011745810508728e-01 1.388084422796964645e-02
4.124415665864944458e-02 1.280380971729755402e-02 1.823246292769908905e-02 6.538537330925464630e-03 6.692892406135797501e-03 9.693545289337635040e-03 9.838803671300411224e-03 7.067410741001367569e-03 5.878581665456295013e-03 -9.318879842758178711e-01 1.980559080839157104e-01 2.084046415984630585e-02 6.967286765575408936e-02 4.063523188233375549e-02 7.852315902709960938e-03 2.735799551010131836e-02 7.174637168645858765e-02 4.300647880882024765e-03 1.499773003160953522e-02 3.584382236003875732e-01
4.222378134727478027e-02 2.013269439339637756e-02 8.098741061985492706e-03 6.924765650182962418e-03 7.645110134035348892e-03 2.659600414335727692e-02 1.442884281277656555e-02 1.086680404841899872e-02 1.322994194924831390e-02 1.226599738001823425e-01 -6.701557636260986328e-01 2.114996872842311859e-02 7.692722231149673462e-02 7.354196906089782715e-02 2.026695199310779572e-02 2.713544666767120361e-02 2.627596072852611542e-02 9.712354280054569244e-03 1.710541546344757080e-02 1.252338290214538574e-01
7.511927932500839233e-02 1.520809382200241089e-01 8.565116673707962036e-02 4.025479406118392944e-02 4.002760164439678192e-03 1.026602610945701599e-01 1.125396117568016052e-01 3.494344651699066162e-02 2.813718095421791077e-02 1.591390185058116913e-02 2.607737481594085693e-02 -8.933209776878356934e-01 1.561730541288852692e-02 5.958451423794031143e-03 2.676323242485523224e-02 6.228760257363319397e-02 6.957632303237915039e-02 4.103331826627254486e-03 6.817637942731380463e-03 2.481634914875030518e-02
5.936219543218612671e-02 2.926835604012012482e-02 1.396188326179981232e-02 7.552616298198699951e-03 6.973319221287965775e-03 5.010340362787246704e-02 3.262692689895629883e-02 7.573181297630071640e-03 6.727766245603561401e-03 1.607856154441833496e-01 2.866477072238922119e-01 4.719764739274978638e-02 -1.018079519271850586e+00 3.351088985800743103e-02 1.674924790859222412e-02 3.969113901257514954e-02 7.925257831811904907e-02 7.110633887350559235e-03 1.598299480974674225e-02 1.170013993978500366e-01
2.454690448939800262e-02 8.609158918261528015e-03 8.267402648925781250e-03 6.687130313366651535e-03 8.319212123751640320e-03 7.708758581429719925e-03 9.181376546621322632e-03 7.722506299614906311e-03 1.837748289108276367e-02 5.425385385751724243e-02 1.585433334112167358e-01 1.041818317025899887e-02 1.938788034021854401e-02 -6.452414989471435547e-01 1.198698766529560089e-02 3.237943351268768311e-02 1.676532439887523651e-02 1.947476714849472046e-02 1.729356199502944946e-01 4.967616125941276550e-02
1.001416966319084167e-01 2.865856140851974487e-02 1.452673412859439850e-02 2.653130888938903809e-02 2.447008620947599411e-03 3.085074387490749359e-02 3.836075216531753540e-02 2.633804641664028168e-02 1.851663924753665924e-02 8.865114301443099976e-03 3.694535791873931885e-02 3.956907615065574646e-02 8.194046095013618469e-03 1.013605110347270966e-02 -5.888714790344238281e-01 1.032296642661094666e-01 5.532976239919662476e-02 3.799589583650231361e-03 1.020289584994316101e-02 2.622841671109199524e-02
2.017720490694046021e-01 4.599592834711074829e-02 1.125956475734710693e-01 5.620420724153518677e-02 2.195772342383861542e-02 3.681741282343864441e-02 4.688489809632301331e-02 8.248241990804672241e-02 1.946785300970077515e-02 1.918332651257514954e-02 3.072285093367099762e-02 5.719683319330215454e-02 1.206006668508052826e-02 1.700517348945140839e-02 6.411469727754592896e-02 -1.069695830345153809e+00 1.824322938919067383e-01 7.083004806190729141e-03 2.469657920300960541e-02 3.102283924818038940e-02
1.500344276428222656e-01 2.865402959287166595e-02 6.662160903215408325e-02 2.852284349501132965e-02 1.088023930788040161e-02 3.272067755460739136e-02 4.664115607738494873e-02 3.170142695307731628e-02 1.395782083272933960e-02 5.744011327624320984e-02 3.396713361144065857e-02 7.294702529907226562e-02 2.749446406960487366e-02 1.005308795720338821e-02 3.923626244068145752e-02 2.082943469285964966e-01 -9.554495811462402344e-01 2.251305850222706795e-03 1.348340883851051331e-02 8.054818958044052124e-02
1.582371629774570465e-02 4.692563787102699280e-02 6.471797358244657516e-03 7.488732226192951202e-03 1.234680786728858948e-02 8.582690730690956116e-03 7.983529940247535706e-03 1.897497661411762238e-02 6.798713002353906631e-03 1.482847239822149277e-02 5.407193675637245178e-02 1.852805726230144501e-02 1.062398217618465424e-02 5.029293149709701538e-02 1.160413213074207306e-02 3.482894971966743469e-02 9.695754386484622955e-03 -4.366889595985412598e-01 7.569524645805358887e-02 2.512287534773349762e-02
2.873242273926734924e-02 1.973031647503376007e-02 3.703564405441284180e-02 2.090956270694732666e-02 9.312937036156654358e-03 1.427433732897043228e-02 1.238705124706029892e-02 1.206810399889945984e-02 7.745993137359619141e-02 2.159076370298862457e-02 3.976134210824966431e-02 1.285307668149471283e-02 9.970504790544509888e-03 1.864657551050186157e-01 1.301006134599447250e-02 5.070369318127632141e-02 2.424525469541549683e-02 3.160447627305984497e-02 -6.528257131576538086e-01 3.071045130491256714e-02
1.279700100421905518e-01 1.361100934445858002e-02 1.228193193674087524e-02 1.566215232014656067e-02 1.497150119394063950e-02 1.261185109615325928e-02 3.398621827363967896e-02 1.925270259380340576e-02 5.131593439728021622e-03 2.630219757556915283e-01 1.483830362558364868e-01 2.384769357740879059e-02 3.720362856984138489e-02 2.730221673846244812e-02 1.704760082066059113e-02 3.246531635522842407e-02 7.382749021053314209e-02 5.346684716641902924e-03 1.565386168658733368e-02 -8.995783925056457520e-01
