-9.448476433753967285e-01 2.793531119823455811e-02 2.975266985595226288e-02 4.480605944991111755e-02 1.786375418305397034e-02 3.473257645964622498e-02 7.700415700674057007e-02 9.679205715656280518e-02 1.070542167872190475e-02 2.251267619431018829e-02 3.741516172885894775e-02 5.532881245017051697e-02 1.704715751111507416e-02 1.014907378703355789e-02 5.664718896150588989e-02 1.755462884902954102e-01 1.108451411128044128e-01 2.537874970585107803e-03 1.052126195281744003e-02 1.067049875855445862e-01
5.263056233525276184e-02 -8.418140411376953125e-01 3.252851963043212891e-02 1.745631545782089233e-02 9.214484132826328278e-03 9.253906458616256714e-02 3.912728279829025269e-02 4.430810734629631042e-02 4.468183964490890503e-02 1.288222055882215500e-02 3.941545262932777405e-02 2.433311790227890015e-01 1.365086250007152557e-02 6.427252665162086487e-03 2.979759871959686279e-02 7.434271275997161865e-02 4.001579433679580688e-02 1.382601447403430939e-02 1.424373686313629150e-02 2.139509655535221100e-02
5.887995287775993347e-02 3.416813537478446960e-02 -1.113452553749084473e+00 2.062248438596725464e-01 5.996112246066331863e-03 5.134698376059532166e-02 6.651566922664642334e-02 7.591136544942855835e-02 7.052782177925109863e-02 2.307096682488918304e-02 1.660929806530475616e-02 1.327805072069168091e-01 6.374401040375232697e-03 7.248308975249528885e-03 1.551747228950262070e-02 1.890733838081359863e-01 9.958773106336593628e-02 2.090621506795287132e-03 3.152895346283912659e-02 1.999999396502971649e-02
6.765378266572952271e-02 1.399018429219722748e-02 1.573456823825836182e-01 -8.594951033592224121e-01 1.961415866389870644e-03 3.603868931531906128e-02 2.572842538356781006e-01 6.642844527959823608e-02 2.447465248405933380e-02 6.236045155674219131e-03 1.133539993315935135e-02 4.652925208210945129e-02 3.812790382653474808e-03 3.844514023512601852e-03 2.139211818575859070e-02 7.528530806303024292e-02 3.439506515860557556e-02 2.254708204418420792e-03 1.299631129950284958e-02 1.623653061687946320e-02
8.113469183444976807e-02 2.221367135643959045e-02 1.376138534396886826e-02 5.899948067963123322e-03 -4.730924367904663086e-01 6.607032380998134613e-03 6.388894747942686081e-03 2.745143510401248932e-02 7.140210829675197601e-03 1.511407084763050079e-02 3.378499671816825867e-02 1.047330256551504135e-02 8.752631954848766327e-03 1.588330045342445374e-02 8.400159887969493866e-03 8.389124274253845215e-02 3.576260060071945190e-02 9.631769731640815735e-03 1.895344071090221405e-02 6.184768676757812500e-02
7.344542443752288818e-02 1.038647815585136414e-01 5.486572533845901489e-02 5.047093331813812256e-02 3.076098859310150146e-03 -1.078491926193237305e+00 2.134319543838500977e-01 3.069329634308815002e-02 7.658138871192932129e-02 1.199562288820743561e-02 5.784915015101432800e-02 1.768607944250106812e-01 2.429488673806190491e-02 6.637670565396547318e-03 3.684148937463760376e-02 6.651294976472854614e-02 5.107079818844795227e-02 3.448768053203821182e-03 1.128586195409297943e-02 2.526432834565639496e-02
1.102884784340858459e-01 2.974480204284191132e-02 4.813914746046066284e-02 2.440471947193145752e-01 2.014688216149806976e-03 1.445598453283309937e-01 -9.994129538536071777e-01 4.719142615795135498e-02 1.871971227228641510e-02 1.111910119652748108e-02 1.900842599570751190e-02 1.260445564985275269e-01 8.190979249775409698e-03 4.703243728727102280e-03 3.018847852945327759e-02 5.662272125482559204e-02 5.026041343808174133e-02 2.582913497462868690e-03 8.680032566189765930e-03 3.730675578117370605e-02
1.087664142251014709e-01 2.642736025154590607e-02 4.310427978634834290e-02 4.943720251321792603e-02 6.791822146624326706e-03 1.631063595414161682e-02 3.702561184763908386e-02 -5.004276633262634277e-01 8.464490063488483429e-03 4.860571585595607758e-03 9.292835369706153870e-03 2.916008979082107544e-02 4.528769291937351227e-03 3.405770519748330116e-03 1.484078820794820786e-02 8.560170978307723999e-02 2.450861409306526184e-02 4.883653949946165085e-03 5.577215459197759628e-03 1.743977516889572144e-02
3.476647287607192993e-02 7.701997458934783936e-02 1.157379671931266785e-01 5.264025554060935974e-02 5.105449818074703217e-03 1.176121905446052551e-01 4.244632273912429810e-02 2.446259558200836182e-02 -8.563401699066162109e-01 1.044471934437751770e-02 3.896347060799598694e-02 6.092783808708190918e-02 9.195400401949882507e-03 2.729176357388496399e-02 2.895971201360225677e-02 5.472933128476142883e-02 3.350499272346496582e-02 4.669438116252422333e-03 1.043233275413513184e-01 1.353890448808670044e-02
3.744358196854591370e-02 1.137251220643520355e-02 1.938985101878643036e-02 6.869168486446142197e-03 5.534747615456581116e-03 9.435074403882026672e-03 1.291231065988540649e-02 7.194199133664369583e-03 5.349216517060995102e-03 -9.486001133918762207e-01 2.074912041425704956e-01 2.200703136622905731e-02 6.655720621347427368e-02 3.718288242816925049e-02 8.091361261904239655e-03 2.790719084441661835e-02 7.338691502809524536e-02 3.865912090986967087e-03 1.565010845661163330e-02 3.709595799446105957e-01
4.002550244331359863e-02 2.238056994974613190e-02 8.978400379419326782e-03 8.031019009649753571e-03 7.957546040415763855e-03 2.926566638052463531e-02 1.419774442911148071e-02 8.846719749271869659e-03 1.283482369035482407e-02 1.334561556577682495e-01 -6.822376251220703125e-01 2.132349461317062378e-02 7.993495464324951172e-02 7.072716951370239258e-02 1.888754218816757202e-02 2.769642509520053864e-02 2.781737037003040314e-02 9.367889724671840668e-03 1.829119399189949036e-02 1.222175136208534241e-01
7.487950474023818970e-02 1.747933179140090942e-01 9.080388396978378296e-02 4.170444235205650330e-02 3.120767185464501381e-03 1.131919324398040771e-01 1.191021949052810669e-01 3.511925786733627319e-02 2.539045736193656921e-02 1.790700107812881470e-02 2.697620168328285217e-02 -9.532098770141601562e-01 1.687325350940227509e-02 5.398964509367942810e-03 2.665954455733299255e-02 6.998694688081741333e-02 7.402504235506057739e-02 3.013978712260723114e-03 7.961683906614780426e-03 2.630156092345714569e-02
6.546736508607864380e-02 2.782584726810455322e-02 1.237003039568662643e-02 9.697514586150646210e-03 7.400782778859138489e-03 4.412249103188514709e-02 2.196305245161056519e-02 1.547739841043949127e-02 1.087393425405025482e-02 1.536801308393478394e-01 2.869593799114227295e-01 4.788065701723098755e-02 -1.010224342346191406e+00 3.982052952051162720e-02 1.093642320483922958e-02 3.691067919135093689e-02 7.246510684490203857e-02 6.777726579457521439e-03 1.565201207995414734e-02 1.239432841539382935e-01
2.290917187929153442e-02 7.700586691498756409e-03 8.267575874924659729e-03 5.747368559241294861e-03 7.893867790699005127e-03 7.085507269948720932e-03 7.412496488541364670e-03 6.841372232884168625e-03 1.896958053112030029e-02 5.046331509947776794e-02 1.492382287979125977e-01 9.004960767924785614e-03 2.340545877814292908e-02 -6.394954323768615723e-01 9.073369204998016357e-03 3.532665595412254333e-02 1.580468565225601196e-02 2.057369425892829895e-02 1.850161254405975342e-01 4.876132309436798096e-02
1.088604331016540527e-01 3.039403818547725677e-02 1.506853941828012466e-02 2.722639590501785278e-02 3.554228693246841431e-03 3.348121047019958496e-02 4.050578176975250244e-02 2.538011409342288971e-02 1.713677495718002319e-02 9.348955005407333374e-03 3.392954170703887939e-02 3.785583376884460449e-02 5.472605582326650620e-03 7.724623661488294601e-03 -5.808899998664855957e-01 9.695500135421752930e-02 5.071862414479255676e-02 2.415602328255772591e-03 9.124504402279853821e-03 2.573718689382076263e-02
2.070850282907485962e-01 4.654905945062637329e-02 1.127057150006294250e-01 5.881822481751441956e-02 2.178912423551082611e-02 3.710526227951049805e-02 4.663712903857231140e-02 8.986371010541915894e-02 1.988018117845058441e-02 1.979351416230201721e-02 3.054158762097358704e-02 6.100458651781082153e-02 1.133799366652965546e-02 1.846190728247165680e-02 5.951624736189842224e-02 -1.090705871582031250e+00 1.893072873353958130e-01 6.565792020410299301e-03 2.426601201295852661e-02 2.947758696973323822e-02
1.500079184770584106e-01 2.874381653964519501e-02 6.810231506824493408e-02 3.082750551402568817e-02 1.065596379339694977e-02 3.268454596400260925e-02 4.749060049653053284e-02 2.951625175774097443e-02 1.396208349615335464e-02 5.971259623765945435e-02 3.519042208790779114e-02 7.402265071868896484e-02 2.553604543209075928e-02 9.475463069975376129e-03 3.571686521172523499e-02 2.171740084886550903e-01 -9.665592908859252930e-01 2.453208202496170998e-03 1.227905601263046265e-02 8.300788700580596924e-02
1.549467258155345917e-02 4.480481147766113281e-02 6.449797656387090683e-03 9.116900153458118439e-03 1.294745411723852158e-02 9.957457892596721649e-03 1.101047638803720474e-02 2.653395384550094604e-02 8.778492920100688934e-03 1.419102959334850311e-02 5.346441268920898438e-02 1.359692681580781937e-02 1.077515166252851486e-02 5.564697086811065674e-02 7.674425840377807617e-03 3.398147970438003540e-02 1.106748729944229126e-02 -4.501528739929199219e-01 7.826657593250274658e-02 2.639438211917877197e-02
2.545196563005447388e-02 1.828912459313869476e-02 3.854087367653846741e-02 2.082180045545101166e-02 1.009503286331892014e-02 1.291101798415184021e-02 1.466084271669387817e-02 1.200648210942745209e-02 7.771020382642745972e-02 2.276253513991832733e-02 4.136246442794799805e-02 1.423137448728084564e-02 9.859408251941204071e-03 1.982805579900741577e-01 1.148605905473232269e-02 4.976166412234306335e-02 2.194931358098983765e-02 3.101113624870777130e-02 -6.567572355270385742e-01 2.556540258228778839e-02
1.308330446481704712e-01 1.392395049333572388e-02 1.239142101258039474e-02 1.318471133708953857e-02 1.669638045132160187e-02 1.464916113764047623e-02 3.193774446845054626e-02 1.902911253273487091e-02 5.111630074679851532e-03 2.734695971012115479e-01 1.400802880525588989e-01 2.382882684469223022e-02 3.957153856754302979e-02 2.648654207587242126e-02 1.642109453678131104e-02 3.063851036131381989e-02 7.520635426044464111e-02 5.300685297697782516e-03 1.295781787484884262e-02 -9.017184376716613770e-01
