-9.409047365188598633e-01 2.778731100261211395e-02 2.949672192335128784e-02 4.446990787982940674e-02 1.759911701083183289e-02 3.419747203588485718e-02 7.716816663742065430e-02 9.662548452615737915e-02 1.049040164798498154e-02 2.209983766078948975e-02 3.703866899013519287e-02 5.499134957790374756e-02 1.697243191301822662e-02 1.015141420066356659e-02 5.652248859405517578e-02 1.751463860273361206e-01 1.105994805693626404e-01 2.572822384536266327e-03 1.047016866505146027e-02 1.065050810575485229e-01
5.234660580754280090e-02 -8.376641273498535156e-01 3.218821436166763306e-02 1.697286404669284821e-02 9.319866076111793518e-03 9.225959330797195435e-02 3.848531842231750488e-02 4.398528486490249634e-02 4.438472911715507507e-02 1.258370373398065567e-02 3.942961990833282471e-02 2.434614598751068115e-01 1.350812893360853195e-02 6.258255802094936371e-03 2.958419360220432281e-02 7.376942783594131470e-02 3.952934592962265015e-02 1.387554034590721130e-02 1.415546610951423645e-02 2.156652510166168213e-02
5.839338153600692749e-02 3.382553905248641968e-02 -1.112374544143676758e+00 2.071043699979782104e-01 5.951311439275741577e-03 5.134085193276405334e-02 6.591573357582092285e-02 7.564127445220947266e-02 7.053308188915252686e-02 2.282789908349514008e-02 1.635116897523403168e-02 1.325002461671829224e-01 6.536860484629869461e-03 7.238246966153383255e-03 1.538166590034961700e-02 1.897537410259246826e-01 9.948237240314483643e-02 2.068340778350830078e-03 3.152621909976005554e-02 2.000227384269237518e-02
6.716098636388778687e-02 1.360705122351646423e-02 1.579975187778472900e-01 -8.557354211807250977e-01 1.880966359749436378e-03 3.568639978766441345e-02 2.582049071788787842e-01 6.589318811893463135e-02 2.401168085634708405e-02 6.149222608655691147e-03 1.108029298484325409e-02 4.621943831443786621e-02 3.662207163870334625e-03 3.716432023793458939e-03 2.116415463387966156e-02 7.461035251617431641e-02 3.375768661499023438e-02 2.217767061665654182e-03 1.281681656837463379e-02 1.589839346706867218e-02
8.017503470182418823e-02 2.253803052008152008e-02 1.369528751820325851e-02 5.673857871443033218e-03 -4.708312153816223145e-01 6.721300538629293442e-03 6.415094714611768723e-03 2.748912945389747620e-02 7.199117448180913925e-03 1.523415837436914444e-02 3.382382541894912720e-02 1.005647610872983932e-02 8.505675941705703735e-03 1.604443043470382690e-02 8.166326209902763367e-03 8.326441049575805664e-02 3.546988591551780701e-02 9.848091751337051392e-03 1.881403289735317230e-02 6.169707328081130981e-02
7.245348393917083740e-02 1.037611663341522217e-01 5.494630336761474609e-02 5.006303265690803528e-02 3.125865710899233818e-03 -1.076683998107910156e+00 2.144854366779327393e-01 3.060745447874069214e-02 7.709407806396484375e-02 1.183079369366168976e-02 5.781580507755279541e-02 1.765171140432357788e-01 2.466522157192230225e-02 6.580350920557975769e-03 3.644360601902008057e-02 6.626306474208831787e-02 5.024618282914161682e-02 3.432160010561347008e-03 1.122655067592859268e-02 2.512634173035621643e-02
1.104598864912986755e-01 2.924283221364021301e-02 4.766127094626426697e-02 2.447259426116943359e-01 2.015677979215979576e-03 1.449101716279983521e-01 -9.973598718643188477e-01 4.709327965974807739e-02 1.877972297370433807e-02 1.089878380298614502e-02 1.861278340220451355e-02 1.258643269538879395e-01 8.101599290966987610e-03 4.660793580114841461e-03 2.989861555397510529e-02 5.601333081722259521e-02 5.022824183106422424e-02 2.536926884204149246e-03 8.647678419947624207e-03 3.700800612568855286e-02
1.085265800356864929e-01 2.622465789318084717e-02 4.291542619466781616e-02 4.900428652763366699e-02 6.777306552976369858e-03 1.622580923140048981e-02 3.695192188024520874e-02 -4.973778724670410156e-01 8.406080305576324463e-03 4.655320663005113602e-03 9.156581014394760132e-03 2.894643507897853851e-02 4.528527613729238510e-03 3.392125247046351433e-03 1.469794288277626038e-02 8.522163331508636475e-02 2.427762933075428009e-02 4.764555487781763077e-03 5.516942590475082397e-03 1.718810386955738068e-02
3.418933227658271790e-02 7.678742706775665283e-02 1.161185279488563538e-01 5.181675031781196594e-02 5.150263197720050812e-03 1.185916811227798462e-01 4.275838658213615417e-02 2.439200878143310547e-02 -8.551504611968994141e-01 1.050572190433740616e-02 3.860342130064964294e-02 6.120802089571952820e-02 9.064815007150173187e-03 2.724222280085086823e-02 2.885281480848789215e-02 5.369940027594566345e-02 3.312606737017631531e-02 4.700270947068929672e-03 1.047652661800384521e-01 1.357801537960767746e-02
3.692802041769027710e-02 1.116177905350923538e-02 1.926828362047672272e-02 6.803561467677354813e-03 5.587752442806959152e-03 9.330728091299533844e-03 1.272268034517765045e-02 6.925834808498620987e-03 5.386347416788339615e-03 -9.473041892051696777e-01 2.071038633584976196e-01 2.162800170481204987e-02 6.641401350498199463e-02 3.726732730865478516e-02 7.955543696880340576e-03 2.729739993810653687e-02 7.303354889154434204e-02 3.931290935724973679e-03 1.582541130483150482e-02 3.727327883243560791e-01
3.967056050896644592e-02 2.241782657802104950e-02 8.846508339047431946e-03 7.858023047447204590e-03 7.952201180160045624e-03 2.922767400741577148e-02 1.392700988799333572e-02 8.731761015951633453e-03 1.268645375967025757e-02 1.327498853206634521e-01 -6.790673136711120605e-01 2.117015793919563293e-02 7.968523353338241577e-02 7.056425511837005615e-02 1.879874989390373230e-02 2.748015336692333221e-02 2.762969210743904114e-02 9.326027706265449524e-03 1.808303035795688629e-02 1.222620829939842224e-01
7.455886900424957275e-02 1.752238124608993530e-01 9.074689447879791260e-02 4.149336740374565125e-02 2.992970636114478111e-03 1.129604652523994446e-01 1.192178353667259216e-01 3.494262695312500000e-02 2.546330355107784271e-02 1.754907891154289246e-02 2.679884433746337891e-02 -9.507912397384643555e-01 1.674014888703823090e-02 5.248825531452894211e-03 2.639595791697502136e-02 6.926621496677398682e-02 7.382488250732421875e-02 3.054413711652159691e-03 7.893038913607597351e-03 2.641971595585346222e-02
6.546927243471145630e-02 2.765964902937412262e-02 1.273716706782579422e-02 9.353744797408580780e-03 7.202015258371829987e-03 4.490691423416137695e-02 2.183221653103828430e-02 1.555271074175834656e-02 1.072886865586042404e-02 1.533155590295791626e-01 2.869845032691955566e-01 4.762641713023185730e-02 -1.007843136787414551e+00 3.941946849226951599e-02 1.089269109070301056e-02 3.650460019707679749e-02 7.247901707887649536e-02 6.665877532213926315e-03 1.560952235013246536e-02 1.229028776288032532e-01
2.292354032397270203e-02 7.501816377043724060e-03 8.256549946963787079e-03 5.556872580200433731e-03 7.953002117574214935e-03 7.013565395027399063e-03 7.352729327976703644e-03 6.819971837103366852e-03 1.887552998960018158e-02 5.036355555057525635e-02 1.487739533185958862e-01 8.742030709981918335e-03 2.307663112878799438e-02 -6.361954808235168457e-01 8.972074836492538452e-03 3.467944264411926270e-02 1.539763156324625015e-02 2.050102874636650085e-02 1.852391511201858521e-01 4.819637164473533630e-02
1.087615638971328735e-01 3.021843172609806061e-02 1.495091151446104050e-02 2.696523629128932953e-02 3.449312644079327583e-03 3.309864550828933716e-02 4.019192978739738464e-02 2.518061362206935883e-02 1.703506708145141602e-02 9.161299094557762146e-03 3.377304598689079285e-02 3.746163100004196167e-02 5.433702841401100159e-03 7.645254954695701599e-03 -5.777264833450317383e-01 9.688242524862289429e-02 5.047174543142318726e-02 2.389491302892565727e-03 9.008034132421016693e-03 2.564817294478416443e-02
2.069979906082153320e-01 4.628064110875129700e-02 1.132831797003746033e-01 5.838660150766372681e-02 2.160110883414745331e-02 3.696333244442939758e-02 4.624768346548080444e-02 8.967479318380355835e-02 1.947313547134399414e-02 1.930719986557960510e-02 3.032292984426021576e-02 6.037837639451026917e-02 1.118456386029720306e-02 1.815022155642509460e-02 5.950531363487243652e-02 -1.087131619453430176e+00 1.895113140344619751e-01 6.572810001671314240e-03 2.399861067533493042e-02 2.929174154996871948e-02
1.496626585721969604e-01 2.839474752545356750e-02 6.800121068954467773e-02 3.024698980152606964e-02 1.053590420633554459e-02 3.209210187196731567e-02 4.748341813683509827e-02 2.924975566565990448e-02 1.375408563762903214e-02 5.914469808340072632e-02 3.490787744522094727e-02 7.368145883083343506e-02 2.542606554925441742e-02 9.226971305906772614e-03 3.549396619200706482e-02 2.169854193925857544e-01 -9.610708355903625488e-01 2.493413398042321205e-03 1.201492175459861755e-02 8.227510750293731689e-02
1.561894919723272324e-02 4.471465572714805603e-02 6.342701613903045654e-03 8.914706297218799591e-03 1.312338281422853470e-02 9.834317490458488464e-03 1.075928844511508942e-02 2.575253322720527649e-02 8.755207061767578125e-03 1.428269781172275543e-02 5.285982415080070496e-02 1.367618422955274582e-02 1.049073319882154465e-02 5.511408299207687378e-02 7.538644131273031235e-03 3.376199677586555481e-02 1.118602883070707321e-02 -4.464134573936462402e-01 7.756010442972183228e-02 2.612742781639099121e-02
2.534232847392559052e-02 1.818758249282836914e-02 3.854560852050781250e-02 2.054102532565593719e-02 9.996003471314907074e-03 1.282548811286687851e-02 1.462264638394117355e-02 1.188904140144586563e-02 7.780573517084121704e-02 2.292349748313426971e-02 4.086496308445930481e-02 1.409068610519170761e-02 9.794649668037891388e-03 1.985502690076828003e-01 1.133101060986518860e-02 4.914891719818115234e-02 2.149084210395812988e-02 3.092354163527488708e-02 -6.541576385498046875e-01 2.528386004269123077e-02
1.305114775896072388e-01 1.402867119759321213e-02 1.238134596496820450e-02 1.289973314851522446e-02 1.659566350281238556e-02 1.453256607055664062e-02 3.168164193630218506e-02 1.875261776149272919e-02 5.105239804834127426e-03 2.733436524868011475e-01 1.398805081844329834e-01 2.387819997966289520e-02 3.904333338141441345e-02 2.615397050976753235e-02 1.633355207741260529e-02 3.037096746265888214e-02 7.450518012046813965e-02 5.273913498967885971e-03 1.280055753886699677e-02 -8.980727791786193848e-01
