-9.386135339736938477e-01 2.781581692397594452e-02 2.957187592983245850e-02 4.442475736141204834e-02 1.780009828507900238e-02 3.440110385417938232e-02 7.652440667152404785e-02 9.617559611797332764e-02 1.056243665516376495e-02 2.242469787597656250e-02 3.709662705659866333e-02 5.498319491744041443e-02 1.689201407134532928e-02 1.004698220640420914e-02 5.613201111555099487e-02 1.746263355016708374e-01 1.101205646991729736e-01 2.534231869503855705e-03 1.047278568148612976e-02 1.060079932212829590e-01
5.236503854393959045e-02 -8.359590768814086914e-01 3.229118138551712036e-02 1.732404530048370361e-02 9.167351759970188141e-03 9.175270795822143555e-02 3.885807842016220093e-02 4.396031796932220459e-02 4.437691718339920044e-02 1.270628534257411957e-02 3.905433043837547302e-02 2.418360710144042969e-01 1.362691074609756470e-02 6.414525676518678665e-03 2.951969951391220093e-02 7.400458306074142456e-02 3.969090431928634644e-02 1.376759633421897888e-02 1.412216946482658386e-02 2.112036012113094330e-02
5.848846957087516785e-02 3.392545133829116821e-02 -1.106518507003784180e+00 2.052794098854064941e-01 5.914567038416862488e-03 5.107192695140838623e-02 6.626123934984207153e-02 7.539866864681243896e-02 7.005301862955093384e-02 2.285059168934822083e-02 1.645988784730434418e-02 1.318176984786987305e-01 6.404306739568710327e-03 7.140958681702613831e-03 1.539474446326494217e-02 1.878736019134521484e-01 9.881188720464706421e-02 2.032008254900574684e-03 3.138149902224540710e-02 1.995868049561977386e-02
6.698305904865264893e-02 1.387520972639322281e-02 1.564926654100418091e-01 -8.529450893402099609e-01 1.924470649100840092e-03 3.586819395422935486e-02 2.555366158485412598e-01 6.565505266189575195e-02 2.424877323210239410e-02 6.219662725925445557e-03 1.118389423936605453e-02 4.618200287222862244e-02 3.767135785892605782e-03 3.773920005187392235e-03 2.115692012012004852e-02 7.466235011816024780e-02 3.408126533031463623e-02 2.225680276751518250e-03 1.294817402958869934e-02 1.616003178060054779e-02
8.079589903354644775e-02 2.210350520908832550e-02 1.357370801270008087e-02 5.793462973088026047e-03 -4.694159030914306641e-01 6.691020913422107697e-03 6.355486810207366943e-03 2.726343460381031036e-02 7.147359196096658707e-03 1.485396176576614380e-02 3.340919315814971924e-02 1.036348845809698105e-02 8.665068075060844421e-03 1.584956049919128418e-02 8.252484723925590515e-03 8.294115960597991943e-02 3.536372259259223938e-02 9.571965783834457397e-03 1.877842471003532410e-02 6.164305284619331360e-02
7.282760739326477051e-02 1.031793877482414246e-01 5.466565117239952087e-02 5.036087706685066223e-02 3.120679175481200218e-03 -1.072499990463256836e+00 2.123774439096450806e-01 3.057543002068996429e-02 7.632962614297866821e-02 1.197520457208156586e-02 5.745478346943855286e-02 1.757860481739044189e-01 2.415261231362819672e-02 6.506838835775852203e-03 3.650278598070144653e-02 6.616783142089843750e-02 5.067526549100875854e-02 3.435351187363266945e-03 1.123224385082721710e-02 2.517435513436794281e-02
1.095376014709472656e-01 2.954574488103389740e-02 4.795473068952560425e-02 2.425920069217681885e-01 2.004219219088554382e-03 1.435978561639785767e-01 -9.926632046699523926e-01 4.692373052239418030e-02 1.871184818446636200e-02 1.108430419117212296e-02 1.877382956445217133e-02 1.251854598522186279e-01 8.108191192150115967e-03 4.709396976977586746e-03 2.978767268359661102e-02 5.627767741680145264e-02 4.988403990864753723e-02 2.536061685532331467e-03 8.599529042840003967e-03 3.684929758310317993e-02
1.079983860254287720e-01 2.622186392545700073e-02 4.280797392129898071e-02 4.889681935310363770e-02 6.744753103703260422e-03 1.621814817190170288e-02 3.681134060025215149e-02 -4.963999688625335693e-01 8.448377251625061035e-03 4.838990047574043274e-03 9.215694852173328400e-03 2.891300804913043976e-02 4.501282237470149994e-03 3.356266999617218971e-03 1.470533572137355804e-02 8.484340459108352661e-02 2.434060722589492798e-02 4.820890724658966064e-03 5.543882958590984344e-03 1.717296801507472992e-02
3.426992893218994141e-02 7.648153603076934814e-02 1.149170845746994019e-01 5.217938497662544250e-02 5.108904559165239334e-03 1.169818639755249023e-01 4.241334274411201477e-02 2.441012486815452576e-02 -8.507224917411804199e-01 1.039612106978893280e-02 3.850951790809631348e-02 6.069097295403480530e-02 9.008376859128475189e-03 2.718410827219486237e-02 2.873455546796321869e-02 5.431874096393585205e-02 3.332122415304183960e-02 4.600060172379016876e-03 1.036728397011756897e-01 1.352379564195871353e-02
3.730760887265205383e-02 1.122896559536457062e-02 1.922103948891162872e-02 6.862741895020008087e-03 5.444351583719253540e-03 9.410875849425792694e-03 1.288296934217214584e-02 7.169240154325962067e-03 5.330807529389858246e-03 -9.430103302001953125e-01 2.060121744871139526e-01 2.177670970559120178e-02 6.608107686042785645e-02 3.680434077978134155e-02 8.010655641555786133e-03 2.772570960223674774e-02 7.282491028308868408e-02 3.840344026684761047e-03 1.553655881434679031e-02 3.695392608642578125e-01
3.969299420714378357e-02 2.219724096357822418e-02 8.904610760509967804e-03 7.936564274132251740e-03 7.875507697463035583e-03 2.903901785612106323e-02 1.403359789401292801e-02 8.781225420534610748e-03 1.269984524697065353e-02 1.324956268072128296e-01 -6.772117614746093750e-01 2.115231193602085114e-02 7.937937229871749878e-02 7.028795033693313599e-02 1.882691122591495514e-02 2.744856104254722595e-02 2.757587097585201263e-02 9.283532388508319855e-03 1.821572892367839813e-02 1.213852912187576294e-01
7.440767437219619751e-02 1.738438159227371216e-01 9.019244462251663208e-02 4.144962877035140991e-02 3.089775098487734795e-03 1.123695224523544312e-01 1.183527633547782898e-01 3.484405577182769775e-02 2.531411685049533844e-02 1.771369948983192444e-02 2.675261348485946655e-02 -9.469757080078125000e-01 1.676341146230697632e-02 5.332674365490674973e-03 2.644008956849575043e-02 6.959736347198486328e-02 7.351134717464447021e-02 2.990311011672019958e-03 7.882605306804180145e-03 2.612785622477531433e-02
6.494691967964172363e-02 2.783074602484703064e-02 1.244966965168714523e-02 9.606129489839076996e-03 7.339765783399343491e-03 4.386493563652038574e-02 2.177899330854415894e-02 1.541206985712051392e-02 1.067516487091779709e-02 1.527156084775924683e-01 2.852366268634796143e-01 4.762683436274528503e-02 -1.004383206367492676e+00 3.959487751126289368e-02 1.083607412874698639e-02 3.687597066164016724e-02 7.202963531017303467e-02 6.722974590957164764e-03 1.555473543703556061e-02 1.232854053378105164e-01
2.263137325644493103e-02 7.675210013985633850e-03 8.132806979119777679e-03 5.638038739562034607e-03 7.865487597882747650e-03 6.923436187207698822e-03 7.411008700728416443e-03 6.732547655701637268e-03 1.887301541864871979e-02 4.983145371079444885e-02 1.479710340499877930e-01 8.876312524080276489e-03 2.319728769361972809e-02 -6.340876817703247070e-01 9.014124982059001923e-03 3.496326133608818054e-02 1.561736874282360077e-02 2.040588296949863434e-02 1.840322315692901611e-01 4.829579219222068787e-02
1.078618094325065613e-01 3.013140894472599030e-02 1.495678443461656570e-02 2.696309052407741547e-02 3.493614261969923973e-03 3.313289955258369446e-02 3.998806700110435486e-02 2.516400068998336792e-02 1.701815798878669739e-02 9.252399206161499023e-03 3.381089866161346436e-02 3.754328191280364990e-02 5.415667779743671417e-03 7.689629215747117996e-03 -5.759551525115966797e-01 9.630085527896881104e-02 5.033915117383003235e-02 2.391251036897301674e-03 9.040891192853450775e-03 2.546127140522003174e-02
2.057709246873855591e-01 4.632156714797019958e-02 1.119305491447448730e-01 5.834934487938880920e-02 2.153165824711322784e-02 3.682963922619819641e-02 4.632838442921638489e-02 8.903072774410247803e-02 1.972762681543827057e-02 1.963749714195728302e-02 3.022834286093711853e-02 6.060092151165008545e-02 1.130161713808774948e-02 1.828988268971443176e-02 5.905372276902198792e-02 -1.082743287086486816e+00 1.880189031362533569e-01 6.490065716207027435e-03 2.406843751668930054e-02 2.923356555402278900e-02
1.490387171506881714e-01 2.853461541235446930e-02 6.761584430932998657e-02 3.059190139174461365e-02 1.054439693689346313e-02 3.239686787128448486e-02 4.716599732637405396e-02 2.933659404516220093e-02 1.389960851520299911e-02 5.924337729811668396e-02 3.488032147288322449e-02 7.351860404014587402e-02 2.535506896674633026e-02 9.383465163409709930e-03 3.545515984296798706e-02 2.159523516893386841e-01 -9.599443674087524414e-01 2.420773264020681381e-03 1.218650210648775101e-02 8.242412656545639038e-02
1.546039152890443802e-02 4.461517557501792908e-02 6.267700344324111938e-03 9.005273692309856415e-03 1.286495849490165710e-02 9.899689815938472748e-03 1.080863084644079208e-02 2.619081549346446991e-02 8.649451658129692078e-03 1.408229582011699677e-02 5.293073877692222595e-02 1.348039787262678146e-02 1.066739764064550400e-02 5.526550859212875366e-02 7.591755129396915436e-03 3.360075131058692932e-02 1.091182976961135864e-02 -4.462754130363464355e-01 7.781662791967391968e-02 2.616602554917335510e-02
2.529193460941314697e-02 1.811638660728931427e-02 3.831794485449790955e-02 2.073903009295463562e-02 9.991072118282318115e-03 1.281335111707448959e-02 1.450879033654928207e-02 1.192288938909769058e-02 7.716774195432662964e-02 2.255297638475894928e-02 4.111373797059059143e-02 1.406701188534498215e-02 9.770243428647518158e-03 1.973051577806472778e-01 1.136250142008066177e-02 4.932799935340881348e-02 2.174544148147106171e-02 3.080477751791477203e-02 -6.524114012718200684e-01 2.549242228269577026e-02
1.299355030059814453e-01 1.375120971351861954e-02 1.236885972321033478e-02 1.313685718923807144e-02 1.664586737751960754e-02 1.457551494240760803e-02 3.155405074357986450e-02 1.874485984444618225e-02 5.109033081680536270e-03 2.722569704055786133e-01 1.390515565872192383e-01 2.366493083536624908e-02 3.930282965302467346e-02 2.627986855804920197e-02 1.624097861349582672e-02 3.040862455964088440e-02 7.464709132909774780e-02 5.257179960608482361e-03 1.293839700520038605e-02 -8.958702683448791504e-01
