-1.058579087257385254e+00 2.366569079458713531e-02 2.064932696521282196e-02 4.355505108833312988e-02 1.951720193028450012e-02 3.085947968065738678e-02 9.147539734840393066e-02 1.181548237800598145e-01 7.730497512966394424e-03 9.356364607810974121e-03 3.527612611651420593e-02 5.583592131733894348e-02 1.642976887524127960e-02 8.147289976477622986e-03 6.364411860704421997e-02 2.322739958763122559e-01 1.291769593954086304e-01 1.890692627057433128e-03 8.089633658528327942e-03 1.428508162498474121e-01
4.701101034879684448e-02 -9.124075174331665039e-01 2.190118655562400818e-02 8.209775201976299286e-03 9.300727397203445435e-03 1.063919886946678162e-01 2.515326067805290222e-02 4.992945864796638489e-02 5.265273898839950562e-02 7.764547131955623627e-03 3.939013555645942688e-02 3.258995115756988525e-01 1.333726104348897934e-02 5.603124853223562241e-03 3.146116435527801514e-02 8.554071933031082153e-02 3.449624776840209961e-02 1.661196351051330566e-02 1.358515489846467972e-02 1.816766336560249329e-02
4.539119824767112732e-02 2.423555590212345123e-02 -1.363745689392089844e+00 3.045823574066162109e-01 4.178166389465332031e-03 5.874140560626983643e-02 5.103876814246177673e-02 8.863715082406997681e-02 9.204033762216567993e-02 2.567584812641143799e-02 9.816808626055717468e-03 1.894009858369827271e-01 3.627218771725893021e-03 4.277125000953674316e-03 9.824403561651706696e-03 2.789935171604156494e-01 1.213459149003028870e-01 1.263762358576059341e-03 3.750181570649147034e-02 1.317340694367885590e-02
6.582713872194290161e-02 6.246219854801893234e-03 2.094138413667678833e-01 -9.291538000106811523e-01 2.552804944571107626e-04 2.313566207885742188e-02 3.496611416339874268e-01 7.135531306266784668e-02 2.340199798345565796e-02 2.248324686661362648e-03 6.739046890288591385e-03 3.142518177628517151e-02 2.509757876396179199e-03 1.382102724164724350e-03 2.127529308199882507e-02 6.838238984346389771e-02 2.167986519634723663e-02 1.566264312714338303e-03 1.119444891810417175e-02 1.145450863987207413e-02
8.909835666418075562e-02 2.137414179742336273e-02 8.677050471305847168e-03 7.710868958383798599e-04 -4.596941471099853516e-01 4.869831260293722153e-03 1.170920324511826038e-03 2.221221663057804108e-02 4.901325795799493790e-03 5.924674216657876968e-03 3.394141420722007751e-02 6.540323607623577118e-03 5.858413875102996826e-03 1.612413674592971802e-02 3.909624647349119186e-03 1.031663194298744202e-01 3.000197745859622955e-02 1.137900259345769882e-02 1.818284019827842712e-02 7.159051299095153809e-02
7.331337779760360718e-02 1.272398382425308228e-01 6.348530948162078857e-02 3.636722266674041748e-02 2.534290309995412827e-03 -1.297259092330932617e+00 3.131330609321594238e-01 2.869071625173091888e-02 1.035416126251220703e-01 5.830287933349609375e-03 7.255079597234725952e-02 2.420867085456848145e-01 3.152249380946159363e-02 5.403613205999135971e-03 4.275799915194511414e-02 6.918726861476898193e-02 5.119939520955085754e-02 2.563309855759143829e-03 7.283045444637537003e-03 1.856878399848937988e-02
1.385664343833923340e-01 1.918083988130092621e-02 3.517127782106399536e-02 3.504569530487060547e-01 3.885339247062802315e-04 1.996586024761199951e-01 -1.177965044975280762e+00 5.022025108337402344e-02 1.401724386960268021e-02 5.680602509528398514e-03 1.198557019233703613e-02 1.637302190065383911e-01 7.468969561159610748e-03 2.462587784975767136e-03 3.040829114615917206e-02 4.581919685006141663e-02 4.870129004120826721e-02 2.232610480859875679e-03 6.825599819421768188e-03 4.499002918601036072e-02
1.225618347525596619e-01 2.607235312461853027e-02 4.182671755552291870e-02 4.897379130125045776e-02 5.047118756920099258e-03 1.252710074186325073e-02 3.438974171876907349e-02 -4.729476571083068848e-01 5.963882897049188614e-03 2.040355466306209564e-03 6.648831535130739212e-03 2.339874766767024994e-02 2.776146866381168365e-03 1.849515479989349842e-03 1.127803418785333633e-02 9.306280314922332764e-02 1.404490694403648376e-02 4.028198774904012680e-03 4.126758780330419540e-03 1.233085151761770248e-02
2.747782692313194275e-02 9.421401470899581909e-02 1.488289386034011841e-01 5.503784865140914917e-02 3.816246287897229195e-03 1.549156457185745239e-01 3.289151191711425781e-02 2.043620683252811432e-02 -9.456954002380371094e-01 8.399317041039466858e-03 4.000183939933776855e-02 5.832074955105781555e-02 7.416671607643365860e-03 2.654596231877803802e-02 3.709723427891731262e-02 4.811972379684448242e-02 3.108985163271427155e-02 3.403221489861607552e-03 1.392225176095962524e-01 8.460020646452903748e-03
1.706774160265922546e-02 7.130248006433248520e-03 2.130727656185626984e-02 2.713698195293545723e-03 2.367452252656221390e-03 4.476765170693397522e-03 6.840841844677925110e-03 3.588153049349784851e-03 4.310601856559514999e-03 -1.189947843551635742e+00 2.698354423046112061e-01 1.966811157763004303e-02 8.736751973628997803e-02 4.169019684195518494e-02 4.433698952198028564e-03 2.287790551781654358e-02 9.257686138153076172e-02 3.498597303405404091e-03 1.426725275814533234e-02 5.639294385910034180e-01
3.594218194484710693e-02 2.020368538796901703e-02 4.550175741314888000e-03 4.543134476989507675e-03 7.575326133519411087e-03 3.111509233713150024e-02 8.061734959483146667e-03 6.530780810862779617e-03 1.146643888205289841e-02 1.507140100002288818e-01 -7.006536126136779785e-01 1.766511984169483185e-02 9.789350628852844238e-02 8.465265482664108276e-02 1.984181255102157593e-02 2.263957448303699493e-02 2.052001282572746277e-02 9.142898023128509521e-03 1.459803152829408646e-02 1.329975128173828125e-01
7.755451649427413940e-02 2.278750240802764893e-01 1.196767762303352356e-01 2.888050489127635956e-02 1.989942276850342751e-03 1.415369063615798950e-01 1.501303613185882568e-01 3.133157640695571899e-02 2.278985455632209778e-02 1.497570332139730453e-02 2.408166415989398956e-02 -1.060832500457763672e+00 1.725077815353870392e-02 3.672737162560224533e-03 2.446733787655830383e-02 6.231664121150970459e-02 8.656545728445053101e-02 2.640323480591177940e-03 3.852325025945901871e-03 1.924410089850425720e-02
7.369793206453323364e-02 3.011688776314258575e-02 7.401706650853157043e-03 7.448850665241479874e-03 5.756410770118236542e-03 5.951820313930511475e-02 2.211723662912845612e-02 1.200501061975955963e-02 9.359613992273807526e-03 2.148349732160568237e-01 4.309771060943603516e-01 5.571076646447181702e-02 -1.276149392127990723e+00 4.240517690777778625e-02 8.792132139205932617e-03 3.437848761677742004e-02 9.994501620531082153e-02 7.263634819537401199e-03 1.398372743278741837e-02 1.404365450143814087e-01
1.898729987442493439e-02 6.573549006134271622e-03 4.534571431577205658e-03 2.131198765709996223e-03 8.231413550674915314e-03 5.300778895616531372e-03 3.788681002333760262e-03 4.155317787081003189e-03 1.740498282015323639e-02 5.326170846819877625e-02 1.936275213956832886e-01 6.162351462990045547e-03 2.203155122697353363e-02 -7.006066441535949707e-01 9.315372444689273834e-03 3.988168761134147644e-02 1.123154442757368088e-02 2.243314683437347412e-02 2.250422537326812744e-01 4.651169851422309875e-02
1.212386339902877808e-01 3.017012588679790497e-02 8.513795211911201477e-03 2.681586705148220062e-02 1.631419640034437180e-03 3.428510576486587524e-02 3.824027627706527710e-02 2.071153745055198669e-02 1.988150738179683685e-02 4.629990085959434509e-03 3.709714859724044800e-02 3.355645388364791870e-02 3.733817487955093384e-03 7.614352274686098099e-03 -5.873942971229553223e-01 1.152145043015480042e-01 5.236494168639183044e-02 2.247022930532693863e-03 8.212881162762641907e-03 2.123496495187282562e-02
2.924081385135650635e-01 5.421024188399314880e-02 1.597780883312225342e-01 5.695957317948341370e-02 2.844950184226036072e-02 3.666236251592636108e-02 3.807874396443367004e-02 1.129435002803802490e-01 1.704264804720878601e-02 1.578832976520061493e-02 2.797264605760574341e-02 5.648062750697135925e-02 9.648321196436882019e-03 2.154330722987651825e-02 7.614007592201232910e-02 -1.324977040290832520e+00 2.706731557846069336e-01 6.812183652073144913e-03 2.527278661727905273e-02 1.811274327337741852e-02
1.812777519226074219e-01 2.436973713338375092e-02 7.746737450361251831e-02 2.013026922941207886e-02 9.222679771482944489e-03 3.024333156645298004e-02 4.511761665344238281e-02 1.900091581046581268e-02 1.227447949349880219e-02 7.121852785348892212e-02 2.826268784701824188e-02 8.746023476123809814e-02 3.126775100827217102e-02 6.763147655874490738e-03 3.857601061463356018e-02 3.017280697822570801e-01 -1.092279195785522461e+00 1.591367297805845737e-03 9.726660326123237610e-03 9.658056497573852539e-02
1.173203438520431519e-02 5.189110711216926575e-02 3.567402018234133720e-03 6.430593784898519516e-03 1.546694058924913406e-02 6.695128045976161957e-03 9.145587682723999023e-03 2.409680932760238647e-02 5.941111128777265549e-03 1.190083567053079605e-02 5.568173155188560486e-02 1.179549284279346466e-02 1.004806719720363617e-02 5.973000824451446533e-02 7.319428492337465286e-03 3.357761353254318237e-02 7.036609109491109848e-03 -4.433175325393676758e-01 8.549408614635467529e-02 2.576690539717674255e-02
2.052004262804985046e-02 1.734737120568752289e-02 4.327489435672760010e-02 1.878822594881057739e-02 1.010320242494344711e-02 7.776207290589809418e-03 1.142974570393562317e-02 1.009147800505161285e-02 9.935368597507476807e-02 1.983905211091041565e-02 3.634295240044593811e-02 7.035240996628999710e-03 7.907669991254806519e-03 2.449421137571334839e-01 1.093609444797039032e-02 5.092296376824378967e-02 1.758141256868839264e-02 3.494886681437492371e-02 -6.941971778869628906e-01 2.505581639707088470e-02
1.766289174556732178e-01 1.130831148475408554e-02 7.409884594380855560e-03 9.371069259941577911e-03 1.939020678400993347e-02 9.664244949817657471e-03 3.672329336404800415e-02 1.469834148883819580e-02 2.942900173366069794e-03 3.822389841079711914e-01 1.613983511924743652e-01 1.713102124631404877e-02 3.871108219027519226e-02 2.467693760991096497e-02 1.378312986344099045e-02 1.778993755578994751e-02 8.509605377912521362e-02 5.134391132742166519e-03 1.221344526857137680e-02 -1.046310424804687500e+00
