-1.053077340126037598e+00 2.357405424118041992e-02 2.301058545708656311e-02 4.362386092543601990e-02 2.026838622987270355e-02 2.935914695262908936e-02 8.499003946781158447e-02 1.144892871379852295e-01 8.649998344480991364e-03 1.059220451861619949e-02 3.701261430978775024e-02 5.596971884369850159e-02 1.694273389875888824e-02 8.866800926625728607e-03 6.287839263677597046e-02 2.305138111114501953e-01 1.290694624185562134e-01 2.264270558953285217e-03 8.547432720661163330e-03 1.424544900655746460e-01
4.776190593838691711e-02 -9.017814397811889648e-01 2.179369889199733734e-02 6.311619188636541367e-03 8.613233454525470734e-03 1.076192110776901245e-01 2.363578416407108307e-02 4.834065586328506470e-02 5.060785636305809021e-02 9.556939825415611267e-03 3.795216605067253113e-02 3.232312798500061035e-01 1.348482724279165268e-02 4.116268362849950790e-03 3.093562833964824677e-02 8.673954010009765625e-02 3.270721808075904846e-02 1.749278791248798370e-02 1.354871224611997604e-02 1.733212359249591827e-02
5.091063305735588074e-02 2.379931323230266571e-02 -1.349760293960571289e+00 3.002627193927764893e-01 3.764724591746926308e-03 5.865563824772834778e-02 5.167849734425544739e-02 8.630685508251190186e-02 9.071230888366699219e-02 2.360972203314304352e-02 1.228121109306812286e-02 1.829288005828857422e-01 2.965923631563782692e-03 4.080720711499452591e-03 9.725254029035568237e-03 2.758123874664306641e-01 1.209657937288284302e-01 1.515615615062415600e-03 3.799600899219512939e-02 1.178820058703422546e-02
6.729169189929962158e-02 4.805413540452718735e-03 2.093427479267120361e-01 -9.257683157920837402e-01 1.361415779683738947e-04 1.987606845796108246e-02 3.442568182945251465e-01 7.582461833953857422e-02 2.389862202107906342e-02 1.224470091983675957e-03 7.171469274908304214e-03 3.136593848466873169e-02 9.420072892680764198e-04 1.818078802898526192e-03 1.993439346551895142e-02 7.084500044584274292e-02 2.251696959137916565e-02 1.272156368941068649e-03 1.128496881574392319e-02 1.196071971207857132e-02
9.155184775590896606e-02 1.920289918780326843e-02 7.685999386012554169e-03 3.986588562838733196e-04 -4.494429230690002441e-01 5.663798190653324127e-03 9.292422328144311905e-04 1.906498521566390991e-02 5.652381107211112976e-03 7.586271967738866806e-03 3.676747530698776245e-02 6.128011271357536316e-03 6.324528250843286514e-03 1.718903891742229462e-02 3.774384269490838051e-03 1.013861000537872314e-01 3.168021887540817261e-02 1.005778089165687561e-02 1.837621629238128662e-02 6.002305075526237488e-02
7.209081947803497314e-02 1.304304599761962891e-01 6.509768217802047729e-02 3.163950145244598389e-02 3.078905632719397545e-03 -1.298255205154418945e+00 3.111975789070129395e-01 2.925308421254158020e-02 1.045411601662635803e-01 6.834685336798429489e-03 6.957390159368515015e-02 2.474220842123031616e-01 2.868682332336902618e-02 5.127078853547573090e-03 3.935024514794349670e-02 7.309495657682418823e-02 5.102773010730743408e-02 2.246150746941566467e-03 8.913216181099414825e-03 1.864920556545257568e-02
1.293110847473144531e-01 1.774967461824417114e-02 3.553831204771995544e-02 3.395572304725646973e-01 3.130031691398471594e-04 1.928267925977706909e-01 -1.141852974891662598e+00 4.537750408053398132e-02 1.219339109957218170e-02 3.930307459086179733e-03 1.105946768075227737e-02 1.623909920454025269e-01 8.964063599705696106e-03 2.974950941279530525e-03 3.188946098089218140e-02 4.474950954318046570e-02 5.180193483829498291e-02 2.059003803879022598e-03 5.848042666912078857e-03 4.331831261515617371e-02
1.203921586275100708e-01 2.508987672626972198e-02 4.102020338177680969e-02 5.168996751308441162e-02 4.438353702425956726e-03 1.252761669456958771e-02 3.136217594146728516e-02 -4.657601416110992432e-01 6.122940219938755035e-03 1.651046914048492908e-03 7.458931766450405121e-03 2.392244338989257812e-02 2.252180827781558037e-03 1.646148972213268280e-03 1.157167274504899979e-02 9.213275462388992310e-02 1.350679248571395874e-02 3.548657055944204330e-03 3.402947913855314255e-03 1.202325150370597839e-02
3.152994811534881592e-02 9.104956686496734619e-02 1.494488865137100220e-01 5.647324770689010620e-02 4.561322275549173355e-03 1.551879644393920898e-01 2.921218425035476685e-02 2.122432552278041840e-02 -9.547919631004333496e-01 7.707536220550537109e-03 4.291073977947235107e-02 6.676243245601654053e-02 7.623188197612762451e-03 2.128577046096324921e-02 3.557273745536804199e-02 4.609837010502815247e-02 3.165473788976669312e-02 3.580567659810185432e-03 1.463840901851654053e-01 6.524346768856048584e-03
1.959827356040477753e-02 8.727762848138809204e-03 1.974428817629814148e-02 1.468730974011123180e-03 3.107505617663264275e-03 5.150073673576116562e-03 4.779585637152194977e-03 2.905076136812567711e-03 3.912368789315223694e-03 -1.196383953094482422e+00 2.714834511280059814e-01 1.866308040916919708e-02 9.005359560251235962e-02 4.260945320129394531e-02 3.552844282239675522e-03 2.132433094084262848e-02 8.922223746776580811e-02 3.887889441102743149e-03 1.389947906136512756e-02 5.722939968109130859e-01
3.774899244308471680e-02 1.910490170121192932e-02 5.661296658217906952e-03 4.741615615785121918e-03 8.301784284412860870e-03 2.889784052968025208e-02 7.413478568196296692e-03 7.234339136630296707e-03 1.200644113123416901e-02 1.496468186378479004e-01 -7.043625712394714355e-01 1.764802075922489166e-02 9.263821691274642944e-02 8.659850060939788818e-02 2.011809125542640686e-02 2.364559285342693329e-02 2.180022373795509338e-02 9.610888548195362091e-03 1.370110176503658295e-02 1.378444433212280273e-01
7.670214027166366577e-02 2.186353355646133423e-01 1.133067011833190918e-01 2.786604128777980804e-02 1.859199372120201588e-03 1.380881071090698242e-01 1.462677270174026489e-01 3.117644228041172028e-02 2.510031871497631073e-02 1.382312364876270294e-02 2.371345274150371552e-02 -1.034955859184265137e+00 1.804509758949279785e-02 4.232503939419984818e-03 2.328518964350223541e-02 6.165283918380737305e-02 8.512444049119949341e-02 2.710159169510006905e-03 4.323639906942844391e-03 1.904340088367462158e-02
7.869218289852142334e-02 3.091335482895374298e-02 6.226259749382734299e-03 2.836383879184722900e-03 6.503217853605747223e-03 5.426177754998207092e-02 2.736435830593109131e-02 9.947593323886394501e-03 9.713538922369480133e-03 2.260568588972091675e-01 4.218738973140716553e-01 6.115794926881790161e-02 -1.277102708816528320e+00 4.063259437680244446e-02 1.389082334935665131e-02 3.341869264841079712e-02 9.555327892303466797e-02 6.370385177433490753e-03 1.471544895321130753e-02 1.369739919900894165e-01
2.057736739516258240e-02 4.714973270893096924e-03 4.280346445739269257e-03 2.735257381573319435e-03 8.831338956952095032e-03 4.845697898417711258e-03 4.537690896540880203e-03 3.632943378761410713e-03 1.355205010622739792e-02 5.344380438327789307e-02 1.970505565404891968e-01 7.167469710111618042e-03 2.030249126255512238e-02 -6.961405277252197266e-01 9.513330645859241486e-03 3.778948262333869934e-02 1.008666213601827621e-02 2.190753817558288574e-02 2.233916074037551880e-01 4.777992516756057739e-02
1.211008355021476746e-01 2.940744534134864807e-02 8.465757593512535095e-03 2.488922514021396637e-02 1.609325525350868702e-03 3.086431324481964111e-02 4.036687687039375305e-02 2.119378559291362762e-02 1.879557967185974121e-02 3.698200220242142677e-03 3.799066320061683655e-02 3.272436186671257019e-02 5.760041531175374985e-03 7.895060814917087555e-03 -5.910375118255615234e-01 1.194985359907150269e-01 5.459807440638542175e-02 2.939079888164997101e-03 8.541367948055267334e-03 2.069898508489131927e-02
2.944929301738739014e-01 5.469499900937080383e-02 1.592615097761154175e-01 5.867454782128334045e-02 2.867532707750797272e-02 3.803021460771560669e-02 3.757495433092117310e-02 1.119331121444702148e-01 1.615683175623416901e-02 1.472386531531810760e-02 2.961914427578449249e-02 5.747468769550323486e-02 9.192194789648056030e-03 2.080300077795982361e-02 7.926741987466812134e-02 -1.332526087760925293e+00 2.677424848079681396e-01 7.170977070927619934e-03 2.816483750939369202e-02 1.887312717735767365e-02
1.845714002847671509e-01 2.308538556098937988e-02 7.818485796451568604e-02 2.087437361478805542e-02 1.002954319119453430e-02 2.971738390624523163e-02 4.868768528103828430e-02 1.836791075766086578e-02 1.241859048604965210e-02 6.895765662193298340e-02 3.056653775274753571e-02 8.882614970207214355e-02 2.941971085965633392e-02 6.215348374098539352e-03 4.053894802927970886e-02 2.996955215930938721e-01 -1.097196817398071289e+00 1.534064882434904575e-03 9.832918643951416016e-03 9.567275643348693848e-02
1.409984380006790161e-02 5.376475304365158081e-02 4.265738651156425476e-03 5.135575775057077408e-03 1.386564970016479492e-02 5.696241278201341629e-03 8.427047170698642731e-03 2.101438492536544800e-02 6.116889417171478271e-03 1.308484096080064774e-02 5.868052318692207336e-02 1.231477409601211548e-02 8.540899492800235748e-03 5.878367647528648376e-02 9.502801112830638885e-03 3.495315834879875183e-02 6.680190097540616989e-03 -4.433978497982025146e-01 8.432257920503616333e-02 2.414826862514019012e-02
2.176913432776927948e-02 1.703162491321563721e-02 4.373837262392044067e-02 1.863238587975502014e-02 1.036128494888544083e-02 9.244924411177635193e-03 9.789221920073032379e-03 8.241900242865085602e-03 1.022803261876106262e-01 1.913253404200077057e-02 3.421412035822868347e-02 8.035273291170597076e-03 8.069206960499286652e-03 2.451598942279815674e-01 1.129502430558204651e-02 5.614806339144706726e-02 1.751245371997356415e-02 3.448762744665145874e-02 -7.014435529708862305e-01 2.630021795630455017e-02
1.807426214218139648e-01 1.085397694259881973e-02 6.760069169104099274e-03 9.837944991886615753e-03 1.685988344252109528e-02 9.636254049837589264e-03 3.612336516380310059e-02 1.450684666633605957e-02 2.270984929054975510e-03 3.924390375614166260e-01 1.714818477630615234e-01 1.763090677559375763e-02 3.741747513413429260e-02 2.612203732132911682e-02 1.363602466881275177e-02 1.874348893761634827e-02 8.488517254590988159e-02 4.920219071209430695e-03 1.310202293097972870e-02 -1.067970275878906250e+00
