-1.060262322425842285e+00 2.444604225456714630e-02 2.009164169430732727e-02 4.206041246652603149e-02 1.972459629178047180e-02 3.363149240612983704e-02 9.070049226284027100e-02 1.189313530921936035e-01 7.379834540188312531e-03 9.135120548307895660e-03 3.370678424835205078e-02 5.606320127844810486e-02 1.713597215712070465e-02 8.466714061796665192e-03 6.600752472877502441e-02 2.322975695133209229e-01 1.293464154005050659e-01 1.690450357273221016e-03 8.259241469204425812e-03 1.411875188350677490e-01
4.821937531232833862e-02 -9.283540248870849609e-01 2.455404214560985565e-02 8.157233707606792450e-03 1.050122547894716263e-02 1.100004017353057861e-01 2.597933076322078705e-02 4.917271435260772705e-02 5.139385908842086792e-02 9.074251167476177216e-03 4.315496608614921570e-02 3.341870307922363281e-01 1.344388071447610855e-02 3.888984909281134605e-03 3.138320893049240112e-02 8.406375348567962646e-02 3.401725366711616516e-02 1.627707667648792267e-02 1.331700291484594345e-02 1.756837777793407440e-02
4.500228166580200195e-02 2.788233198225498199e-02 -1.398040533065795898e+00 3.118104934692382812e-01 5.163193680346012115e-03 5.805267393589019775e-02 5.481666326522827148e-02 9.590646624565124512e-02 9.842573851346969604e-02 2.678762562572956085e-02 1.057594548910856247e-02 1.902285069227218628e-01 3.896128851920366287e-03 3.576270304620265961e-03 9.334614500403404236e-03 2.794055342674255371e-01 1.240996718406677246e-01 9.686892153695225716e-04 3.847188502550125122e-02 1.363584306091070175e-02
6.448283791542053223e-02 6.340164225548505783e-03 2.134234905242919922e-01 -9.420983791351318359e-01 7.088333950378000736e-04 2.205208688974380493e-02 3.571288883686065674e-01 7.121824473142623901e-02 2.223046310245990753e-02 1.759518170729279518e-03 7.419772446155548096e-03 3.034924902021884918e-02 2.094526076689362526e-03 1.993785845115780830e-03 1.958777382969856262e-02 7.390692085027694702e-02 2.300567179918289185e-02 1.739729079417884350e-03 1.142483297735452652e-02 1.123154815286397934e-02
9.144784510135650635e-02 2.468268014490604401e-02 1.068721804767847061e-02 2.143576275557279587e-03 -4.765795469284057617e-01 3.998694010078907013e-03 1.728865318000316620e-03 2.546312287449836731e-02 6.119543686509132385e-03 7.968542166054248810e-03 3.369443491101264954e-02 4.134564194828271866e-03 8.223379030823707581e-03 1.652107574045658112e-02 4.204989410936832428e-03 9.946382790803909302e-02 3.226324170827865601e-02 1.086306385695934296e-02 1.897838711738586426e-02 7.399253547191619873e-02
7.988961040973663330e-02 1.324724107980728149e-01 6.156690046191215515e-02 3.416829183697700500e-02 2.048787893727421761e-03 -1.320637345314025879e+00 3.204877674579620361e-01 2.772914618253707886e-02 1.035166680812835693e-01 5.426264367997646332e-03 7.522235810756683350e-02 2.435811907052993774e-01 3.054833039641380310e-02 3.922183066606521606e-03 4.264143854379653931e-02 7.294657081365585327e-02 5.325866118073463440e-02 3.078550333157181740e-03 7.639034651219844818e-03 2.049313671886920929e-02
1.358168572187423706e-01 1.972236298024654388e-02 3.664692118763923645e-02 3.488176465034484863e-01 5.583927850238978863e-04 2.020278871059417725e-01 -1.174323916435241699e+00 4.710447788238525391e-02 1.413357630372047424e-02 6.310913711786270142e-03 1.275729667395353317e-02 1.603359878063201904e-01 6.476996000856161118e-03 3.141589928418397903e-03 3.154723718762397766e-02 4.808993637561798096e-02 5.007863417267799377e-02 2.297302708029747009e-03 6.925406400114297867e-03 4.153455048799514771e-02
1.244416087865829468e-01 2.608437463641166687e-02 4.480206221342086792e-02 4.860600829124450684e-02 5.746660754084587097e-03 1.221410278230905533e-02 3.291451558470726013e-02 -4.755241572856903076e-01 6.171146407723426819e-03 1.442271401174366474e-03 5.394301842898130417e-03 2.318272739648818970e-02 3.354700980708003044e-03 1.940603135153651237e-03 1.062741130590438843e-02 9.300709515810012817e-02 1.374346483498811722e-02 4.872024059295654297e-03 3.639243543148040771e-03 1.333981566131114960e-02
2.635506540536880493e-02 9.304985404014587402e-02 1.569303870201110840e-01 5.178398266434669495e-02 4.713799804449081421e-03 1.556265205144882202e-01 3.370742127299308777e-02 2.106270194053649902e-02 -9.407918453216552734e-01 6.695557851344347000e-03 4.298571869730949402e-02 5.407364293932914734e-02 7.918549701571464539e-03 2.680857665836811066e-02 3.162035346031188965e-02 5.035010352730751038e-02 2.886858768761157990e-02 3.957362845540046692e-03 1.360408514738082886e-01 8.242794312536716461e-03
1.653212495148181915e-02 8.325534872710704803e-03 2.164359763264656067e-02 2.077004872262477875e-03 3.110483288764953613e-03 4.134006332606077194e-03 7.627155631780624390e-03 2.494549378752708435e-03 3.392998361960053444e-03 -1.182710409164428711e+00 2.774607241153717041e-01 2.002774365246295929e-02 8.205196261405944824e-02 4.274437949061393738e-02 4.585601389408111572e-03 2.216051891446113586e-02 8.986944705247879028e-02 2.880278276279568672e-03 1.463291142135858536e-02 5.569593906402587891e-01
3.421387448906898499e-02 2.220765501260757446e-02 4.792752210050821304e-03 4.912526346743106842e-03 7.376965135335922241e-03 3.214309737086296082e-02 8.647679351270198822e-03 5.233001895248889923e-03 1.221776101738214493e-02 1.556223928928375244e-01 -6.947208642959594727e-01 1.610956527292728424e-02 9.410917758941650391e-02 8.263064920902252197e-02 1.863379217684268951e-02 2.424848079681396484e-02 1.936718821525573730e-02 9.470634162425994873e-03 1.428592670708894730e-02 1.284977495670318604e-01
7.834281772375106812e-02 2.367542982101440430e-01 1.186800748109817505e-01 2.766296081244945526e-02 1.246194005943834782e-03 1.432916522026062012e-01 1.496264487504959106e-01 3.096111491322517395e-02 2.115872316062450409e-02 1.546461042016744614e-02 2.217788994312286377e-02 -1.071848034858703613e+00 1.799833029508590698e-02 3.680455032736063004e-03 2.496366202831268311e-02 6.560787558555603027e-02 8.489694446325302124e-02 2.186088357120752335e-03 4.672429524362087250e-03 2.247543819248676300e-02
7.714572548866271973e-02 3.068419732153415680e-02 7.831001654267311096e-03 6.150611676275730133e-03 7.985241711139678955e-03 5.789571627974510193e-02 1.947299763560295105e-02 1.443403214216232300e-02 9.982313960790634155e-03 2.041163146495819092e-01 4.173978269100189209e-01 5.798478052020072937e-02 -1.264850974082946777e+00 4.636538401246070862e-02 8.644093759357929230e-03 3.444062545895576477e-02 9.437083452939987183e-02 7.964203134179115295e-03 1.615236327052116394e-02 1.458326578140258789e-01
1.895999163389205933e-02 4.415160510689020157e-03 3.575480775907635689e-03 2.912266878411173820e-03 7.979877293109893799e-03 3.697489388287067413e-03 4.698170349001884460e-03 4.153274931013584137e-03 1.681045629084110260e-02 5.289174243807792664e-02 1.822969913482666016e-01 5.897982511669397354e-03 2.306290343403816223e-02 -6.785192489624023438e-01 7.457480300217866898e-03 3.808732703328132629e-02 1.062222942709922791e-02 2.099413797259330750e-02 2.241402417421340942e-01 4.586604237556457520e-02
1.261929571628570557e-01 3.041767701506614685e-02 7.967442274093627930e-03 2.442621812224388123e-02 1.733968616463243961e-03 3.431858867406845093e-02 4.027717560529708862e-02 1.941779628396034241e-02 1.692742481827735901e-02 4.844217095524072647e-03 3.509603068232536316e-02 3.415298461914062500e-02 3.670777427032589912e-03 6.366644054651260376e-03 -5.778285264968872070e-01 1.115357503294944763e-01 4.829838871955871582e-02 2.123606391251087189e-03 7.568492088466882706e-03 2.249235846102237701e-02
2.925889492034912109e-01 5.367956683039665222e-02 1.571191698312759399e-01 6.071944534778594971e-02 2.702172286808490753e-02 3.867888450622558594e-02 4.045045748353004456e-02 1.119592785835266113e-01 1.775808446109294891e-02 1.542335283011198044e-02 3.008935227990150452e-02 5.913545191287994385e-02 9.635652415454387665e-03 2.142251841723918915e-02 7.348278909921646118e-02 -1.327795743942260742e+00 2.666553556919097900e-01 7.412526756525039673e-03 2.779888361692428589e-02 1.676442846655845642e-02
1.848066449165344238e-01 2.464049309492111206e-02 7.916161417961120605e-02 2.144013345241546631e-02 9.942733682692050934e-03 3.203385695815086365e-02 4.778280481696128845e-02 1.876679435372352600e-02 1.154971215873956680e-02 7.095137238502502441e-02 2.726118825376033783e-02 8.680282533168792725e-02 2.995006926357746124e-02 6.777282338589429855e-03 3.609558567404747009e-02 3.024824857711791992e-01 -1.101645588874816895e+00 1.646252814680337906e-03 9.790393523871898651e-03 9.976335614919662476e-02
1.045053265988826752e-02 5.101517960429191589e-02 2.673630602657794952e-03 7.015313487499952316e-03 1.448514964431524277e-02 8.011948317289352417e-03 9.484408423304557800e-03 2.878566086292266846e-02 6.850534118711948395e-03 9.839116595685482025e-03 5.768064782023429871e-02 9.671245701611042023e-03 1.093642134219408035e-02 5.795766413211822510e-02 6.867020856589078903e-03 3.638220950961112976e-02 7.123105693608522415e-03 -4.485931694507598877e-01 8.824537694454193115e-02 2.511801943182945251e-02
2.060786820948123932e-02 1.684559509158134460e-02 4.285654798150062561e-02 1.859397068619728088e-02 1.021378673613071442e-02 8.023930713534355164e-03 1.153968926519155502e-02 8.678301237523555756e-03 9.504837542772293091e-02 2.017479948699474335e-02 3.511691465973854065e-02 8.342847228050231934e-03 8.952118456363677979e-03 2.497407793998718262e-01 9.877807460725307465e-03 5.506897345185279846e-02 1.709739305078983307e-02 3.561630100011825562e-02 -6.951442956924438477e-01 2.274833805859088898e-02
1.733335107564926147e-01 1.093464903533458710e-02 7.473930716514587402e-03 8.994049392640590668e-03 1.959335245192050934e-02 1.059132907539606094e-02 3.405271470546722412e-02 1.565188914537429810e-02 2.833630191162228584e-03 3.778290450572967529e-01 1.554163992404937744e-01 1.974572427570819855e-02 3.976837545633316040e-02 2.514515258371829987e-02 1.444373559206724167e-02 1.634036377072334290e-02 8.572235703468322754e-02 4.988104570657014847e-03 1.119290944188833237e-02 -1.034051179885864258e+00
