-9.401372075080871582e-01 2.774396166205406189e-02 2.953623235225677490e-02 4.448407888412475586e-02 1.779293641448020935e-02 3.450611606240272522e-02 7.661674171686172485e-02 9.632388502359390259e-02 1.055605988949537277e-02 2.230626530945301056e-02 3.712284937500953674e-02 5.498913675546646118e-02 1.691671647131443024e-02 1.003937236964702606e-02 5.635661631822586060e-02 1.751599609851837158e-01 1.104118674993515015e-01 2.532457932829856873e-03 1.045457553118467331e-02 1.062873676419258118e-01
5.227677896618843079e-02 -8.375215530395507812e-01 3.228349238634109497e-02 1.725125499069690704e-02 9.153255261480808258e-03 9.211092442274093628e-02 3.885450586676597595e-02 4.394562914967536926e-02 4.447573423385620117e-02 1.271175872534513474e-02 3.916728869080543518e-02 2.428956478834152222e-01 1.357226818799972534e-02 6.368428468704223633e-03 2.959007583558559418e-02 7.405263185501098633e-02 3.974925354123115540e-02 1.375447865575551987e-02 1.413962058722972870e-02 2.116855792701244354e-02
5.849995464086532593e-02 3.393443673849105835e-02 -1.109432220458984375e+00 2.059652358293533325e-01 5.928890779614448547e-03 5.106295272707939148e-02 6.609481573104858398e-02 7.559046894311904907e-02 7.034125179052352905e-02 2.296788990497589111e-02 1.651722751557826996e-02 1.324532628059387207e-01 6.338433362543582916e-03 7.140286266803741455e-03 1.538685988634824753e-02 1.887268424034118652e-01 9.917543083429336548e-02 2.069051377475261688e-03 3.137329593300819397e-02 1.986568979918956757e-02
6.715063005685806274e-02 1.382056903094053268e-02 1.569780707359313965e-01 -8.549950122833251953e-01 1.929276390001177788e-03 3.584837913513183594e-02 2.567772269248962402e-01 6.591227650642395020e-02 2.429174073040485382e-02 6.153827067464590073e-03 1.117150951176881790e-02 4.612935706973075867e-02 3.768872469663619995e-03 3.788216039538383484e-03 2.120265737175941467e-02 7.488740235567092896e-02 3.399131074547767639e-02 2.222872572019696236e-03 1.288937404751777649e-02 1.608145050704479218e-02
8.075875788927078247e-02 2.204841002821922302e-02 1.358673255890607834e-02 5.800840910524129868e-03 -4.694994091987609863e-01 6.605372298508882523e-03 6.261053960770368576e-03 2.718989364802837372e-02 7.072867825627326965e-03 1.489273644983768463e-02 3.354289010167121887e-02 1.037866808474063873e-02 8.650748990476131439e-03 1.581965200603008270e-02 8.259574882686138153e-03 8.335107564926147461e-02 3.539077192544937134e-02 9.569982066750526428e-03 1.875817216932773590e-02 6.156121939420700073e-02
7.303153723478317261e-02 1.034630313515663147e-01 5.456571653485298157e-02 5.026184394955635071e-02 3.080134512856602669e-03 -1.074498534202575684e+00 2.131882309913635254e-01 3.049413859844207764e-02 7.645925134420394897e-02 1.186630036681890488e-02 5.752531811594963074e-02 1.764628440141677856e-01 2.422571741044521332e-02 6.550818216055631638e-03 3.662431240081787109e-02 6.625801324844360352e-02 5.072990059852600098e-02 3.439151914790272713e-03 1.119851786643266678e-02 2.507377415895462036e-02
1.097909361124038696e-01 2.954907529056072235e-02 4.782001674175262451e-02 2.437551617622375488e-01 1.976734027266502380e-03 1.443416327238082886e-01 -9.953206777572631836e-01 4.689822345972061157e-02 1.859923452138900757e-02 1.105721108615398407e-02 1.879239268600940704e-02 1.255243420600891113e-01 8.095692843198776245e-03 4.671980161219835281e-03 2.998667955398559570e-02 5.634887143969535828e-02 4.994919896125793457e-02 2.543003764003515244e-03 8.569669909775257111e-03 3.705066815018653870e-02
1.081580817699432373e-01 2.618788182735443115e-02 4.285402223467826843e-02 4.902817681431770325e-02 6.726520601660013199e-03 1.617807894945144653e-02 3.674841299653053284e-02 -4.965535700321197510e-01 8.392696268856525421e-03 4.821467678993940353e-03 9.161369875073432922e-03 2.889193966984748840e-02 4.480689298361539841e-03 3.346275072544813156e-03 1.469104085117578506e-02 8.506020903587341309e-02 2.428429014980792999e-02 4.831847734749317169e-03 5.500767379999160767e-03 1.720978878438472748e-02
3.428633883595466614e-02 7.666587829589843750e-02 1.153530031442642212e-01 5.226758122444152832e-02 5.061425268650054932e-03 1.173369809985160828e-01 4.215718060731887817e-02 2.427704446017742157e-02 -8.516426086425781250e-01 1.031500101089477539e-02 3.866363689303398132e-02 6.062604859471321106e-02 9.081424213945865631e-03 2.717634290456771851e-02 2.880018949508666992e-02 5.424839258193969727e-02 3.337126597762107849e-02 4.647775553166866302e-03 1.038994118571281433e-01 1.340774260461330414e-02
3.713061660528182983e-02 1.122976280748844147e-02 1.930304802954196930e-02 6.785862147808074951e-03 5.461824592202901840e-03 9.332676418125629425e-03 1.284423097968101501e-02 7.147588301450014114e-03 5.286341998726129532e-03 -9.453415274620056152e-01 2.068182229995727539e-01 2.185462228953838348e-02 6.634289771318435669e-02 3.692098706960678101e-02 8.006762713193893433e-03 2.769968658685684204e-02 7.302813231945037842e-02 3.856100142002105713e-03 1.549956668168306351e-02 3.707925677299499512e-01
3.970631584525108337e-02 2.223317697644233704e-02 8.919797837734222412e-03 7.915615104138851166e-03 7.904543541371822357e-03 2.907120063900947571e-02 1.402676664292812347e-02 8.726774714887142181e-03 1.273214910179376602e-02 1.328929066658020020e-01 -6.780880689620971680e-01 2.111910656094551086e-02 7.969014346599578857e-02 7.035651057958602905e-02 1.878485083580017090e-02 2.741974964737892151e-02 2.758680842816829681e-02 9.299415163695812225e-03 1.815118826925754547e-02 1.215510740876197815e-01
7.445023953914642334e-02 1.745294034481048584e-01 9.054226428270339966e-02 4.137338325381278992e-02 3.095912979915738106e-03 1.128828674554824829e-01 1.185971647500991821e-01 3.483701124787330627e-02 2.527139149606227875e-02 1.777571998536586761e-02 2.673291973769664764e-02 -9.487892389297485352e-01 1.676952838897705078e-02 5.335685797035694122e-03 2.646339312195777893e-02 6.960054486989974976e-02 7.362987101078033447e-02 2.990380395203828812e-03 7.889405824244022369e-03 2.602215297520160675e-02
6.501325219869613647e-02 2.768203057348728180e-02 1.229892764240503311e-02 9.595149196684360504e-03 7.324829697608947754e-03 4.398940503597259521e-02 2.171185985207557678e-02 1.533577125519514084e-02 1.074534747749567032e-02 1.531704366207122803e-01 2.863334417343139648e-01 4.760115593671798706e-02 -1.005935907363891602e+00 3.963014483451843262e-02 1.078333985060453415e-02 3.675081580877304077e-02 7.215458899736404419e-02 6.743478588759899139e-03 1.549515593796968460e-02 1.235768347978591919e-01
2.264623343944549561e-02 7.623974233865737915e-03 8.132135495543479919e-03 5.660811439156532288e-03 7.862204685807228088e-03 6.981850601732730865e-03 7.354406174272298813e-03 6.722426973283290863e-03 1.887387968599796295e-02 5.003310739994049072e-02 1.483799964189529419e-01 8.889770135283470154e-03 2.326104976236820221e-02 -6.352670788764953613e-01 8.996590971946716309e-03 3.508865833282470703e-02 1.563618332147598267e-02 2.044998295605182648e-02 1.843319088220596313e-01 4.834187030792236328e-02
1.082370802760124207e-01 3.016038984060287476e-02 1.492040976881980896e-02 2.697590179741382599e-02 3.494997275993227959e-03 3.323428332805633545e-02 4.018988460302352905e-02 2.512804791331291199e-02 1.702971011400222778e-02 9.238104335963726044e-03 3.373033180832862854e-02 3.753941506147384644e-02 5.388881545513868332e-03 7.659839931875467300e-03 -5.766001939773559570e-01 9.643041342496871948e-02 5.036892741918563843e-02 2.414729213342070580e-03 9.019433520734310150e-03 2.543940022587776184e-02
2.066697031259536743e-01 4.637053608894348145e-02 1.124281734228134155e-01 5.853359773755073547e-02 2.166761830449104309e-02 3.693737089633941650e-02 4.639640823006629944e-02 8.938063681125640869e-02 1.970650255680084229e-02 1.963412575423717499e-02 3.024733625352382660e-02 6.065484136343002319e-02 1.128296181559562683e-02 1.835351809859275818e-02 5.924132838845252991e-02 -1.086378574371337891e+00 1.890151500701904297e-01 6.510619074106216431e-03 2.414400503039360046e-02 2.920418232679367065e-02
1.494608223438262939e-01 2.855618856847286224e-02 6.778213381767272949e-02 3.048133663833141327e-02 1.055503264069557190e-02 3.244600072503089905e-02 4.718427732586860657e-02 2.927601896226406097e-02 1.390800904482603073e-02 5.938769876956939697e-02 3.491360694169998169e-02 7.361672073602676392e-02 2.541497908532619476e-02 9.383241645991802216e-03 3.550120443105697632e-02 2.168533951044082642e-01 -9.619075655937194824e-01 2.432418055832386017e-03 1.214803848415613174e-02 8.260644227266311646e-02
1.547336485236883163e-02 4.460117965936660767e-02 6.382830906659364700e-03 8.997287601232528687e-03 1.288284081965684891e-02 9.928405284881591797e-03 1.084293145686388016e-02 2.629243209958076477e-02 8.743159472942352295e-03 1.415420882403850555e-02 5.312266573309898376e-02 1.349521428346633911e-02 1.072113309055566788e-02 5.539186671376228333e-02 7.682096678763628006e-03 3.371497616171836853e-02 1.097916066646575928e-02 -4.474166631698608398e-01 7.779670506715774536e-02 2.621419169008731842e-02
2.528718672692775726e-02 1.815062575042247772e-02 3.831367567181587219e-02 2.065287157893180847e-02 9.996376931667327881e-03 1.279794611036777496e-02 1.446489896625280380e-02 1.184929348528385162e-02 7.737272977828979492e-02 2.252207696437835693e-02 4.104695096611976624e-02 1.409448683261871338e-02 9.752237237989902496e-03 1.976538002490997314e-01 1.135905459523200989e-02 4.949501529335975647e-02 2.170644514262676239e-02 3.079731203615665436e-02 -6.527130007743835449e-01 2.539996244013309479e-02
1.303118318319320679e-01 1.377378031611442566e-02 1.229717582464218140e-02 1.306116487830877304e-02 1.662904769182205200e-02 1.452471129596233368e-02 3.169972077012062073e-02 1.879112422466278076e-02 5.061026196926832199e-03 2.731039226055145264e-01 1.393293738365173340e-01 2.356439270079135895e-02 3.942333906888961792e-02 2.627460658550262451e-02 1.623969711363315582e-02 3.034626692533493042e-02 7.481773197650909424e-02 5.260126199573278427e-03 1.287481840699911118e-02 -8.973839282989501953e-01
