-1.061760902404785156e+00 2.424634993076324463e-02 2.042988128960132599e-02 4.263675957918167114e-02 1.929502189159393311e-02 3.198832273483276367e-02 9.078425914049148560e-02 1.201010718941688538e-01 7.719212211668491364e-03 9.055631235241889954e-03 3.454172238707542419e-02 5.649181082844734192e-02 1.699744351208209991e-02 8.441271260380744934e-03 6.561505794525146484e-02 2.319207340478897095e-01 1.314283609390258789e-01 1.867619925178587437e-03 8.084612898528575897e-03 1.401157677173614502e-01
4.793090745806694031e-02 -9.223948717117309570e-01 2.327772229909896851e-02 9.279530495405197144e-03 9.519736282527446747e-03 1.107495799660682678e-01 2.490727044641971588e-02 4.928102716803550720e-02 5.192746594548225403e-02 8.728046901524066925e-03 4.110468551516532898e-02 3.316262662410736084e-01 1.344258524477481842e-02 4.074127878993749619e-03 3.240371868014335632e-02 8.371897041797637939e-02 3.365920484066009521e-02 1.614387705922126770e-02 1.343646924942731857e-02 1.718368567526340485e-02
4.497053101658821106e-02 2.591990120708942413e-02 -1.372057557106018066e+00 3.070298433303833008e-01 4.235206171870231628e-03 5.526310577988624573e-02 5.288917198777198792e-02 9.432665258646011353e-02 9.573376923799514771e-02 2.672234363853931427e-02 1.018324494361877441e-02 1.845791488885879517e-01 3.798177931457757950e-03 4.084691405296325684e-03 9.134622290730476379e-03 2.772668302059173584e-01 1.226109042763710022e-01 9.141777409240603447e-04 3.821221739053726196e-02 1.418298203498125076e-02
6.474884599447250366e-02 7.128605153411626816e-03 2.118196636438369751e-01 -9.322407841682434082e-01 6.179508054628968239e-04 2.168504148721694946e-02 3.525738120079040527e-01 7.158527523279190063e-02 2.255710959434509277e-02 1.745916786603629589e-03 7.040412165224552155e-03 3.192970156669616699e-02 1.967055490240454674e-03 1.957896165549755096e-03 2.032609283924102783e-02 6.717172265052795410e-02 2.238115854561328888e-02 1.618511625565588474e-03 1.144014205783605576e-02 1.194593589752912521e-02
8.991195261478424072e-02 2.244025468826293945e-02 8.965706452727317810e-03 1.896174158900976181e-03 -4.677181243896484375e-01 3.989602904766798019e-03 1.480485079810023308e-03 2.261051721870899200e-02 5.522280931472778320e-03 7.962720468640327454e-03 3.510442003607749939e-02 5.824074149131774902e-03 7.382438052445650101e-03 1.729824952781200409e-02 3.759703831747174263e-03 9.846149384975433350e-02 3.018871322274208069e-02 1.199084520339965820e-02 1.859430223703384399e-02 7.433412224054336548e-02
7.570867985486984253e-02 1.325949579477310181e-01 5.941928178071975708e-02 3.379610553383827209e-02 2.026337198913097382e-03 -1.305306911468505859e+00 3.174941241741180420e-01 2.774047292768955231e-02 1.045584380626678467e-01 5.810915958136320114e-03 7.312399148941040039e-02 2.428550571203231812e-01 3.018014691770076752e-02 4.476492758840322495e-03 4.228806868195533752e-02 7.075551152229309082e-02 5.240415036678314209e-02 3.058957634493708611e-03 7.079783361405134201e-03 1.993548870086669922e-02
1.364742964506149292e-01 1.894074864685535431e-02 3.611976280808448792e-02 3.490137457847595215e-01 4.776086425408720970e-04 2.016609311103820801e-01 -1.172886610031127930e+00 4.702865704894065857e-02 1.321416627615690231e-02 5.844300612807273865e-03 1.313705090433359146e-02 1.600225865840911865e-01 7.012156303972005844e-03 2.975572133436799049e-03 3.196749091148376465e-02 4.953996092081069946e-02 4.708689078688621521e-02 2.705447142943739891e-03 6.745804566890001297e-03 4.291951283812522888e-02
1.249078810214996338e-01 2.592706680297851562e-02 4.456718638539314270e-02 4.902513697743415833e-02 5.046395119279623032e-03 1.218996848911046982e-02 3.253608196973800659e-02 -4.768700301647186279e-01 6.173083558678627014e-03 1.477039535529911518e-03 5.981150548905134201e-03 2.298161573708057404e-02 3.318243427202105522e-03 2.046853769570589066e-03 1.029319595545530319e-02 9.443643689155578613e-02 1.411364506930112839e-02 4.579386673867702484e-03 3.927504178136587143e-03 1.334214676171541214e-02
2.748079411685466766e-02 9.351561963558197021e-02 1.548315137624740601e-01 5.288005992770195007e-02 4.218933172523975372e-03 1.572755426168441772e-01 3.129361942410469055e-02 2.113077975809574127e-02 -9.444338679313659668e-01 7.090259809046983719e-03 4.146614670753479004e-02 5.615188553929328918e-02 6.493403576314449310e-03 2.734410017728805542e-02 3.368332609534263611e-02 5.073772370815277100e-02 2.875896170735359192e-02 4.000068642199039459e-03 1.376009285449981689e-01 8.480308577418327332e-03
1.653803884983062744e-02 8.063305169343948364e-03 2.217061258852481842e-02 2.099621575325727463e-03 3.120718523859977722e-03 4.483897238969802856e-03 7.099987007677555084e-03 2.593668410554528236e-03 3.637233283370733261e-03 -1.187859177589416504e+00 2.726842761039733887e-01 2.102479711174964905e-02 8.443330973386764526e-02 4.193207249045372009e-02 4.134859889745712280e-03 2.230553701519966125e-02 8.940740674734115601e-02 3.194930730387568474e-03 1.458406168967485428e-02 5.643508434295654297e-01
3.508942946791648865e-02 2.112293988466262817e-02 4.699550569057464600e-03 4.709584638476371765e-03 7.652828469872474670e-03 3.138614818453788757e-02 8.877484127879142761e-03 5.842169281095266342e-03 1.183231454342603683e-02 1.516795754432678223e-01 -6.966685652732849121e-01 1.749273203313350677e-02 9.576907008886337280e-02 8.414620906114578247e-02 1.900761947035789490e-02 2.330998890101909637e-02 2.011132612824440002e-02 9.656429290771484375e-03 1.447190996259450912e-02 1.298112869262695312e-01
7.876352965831756592e-02 2.338941097259521484e-01 1.169123053550720215e-01 2.931478247046470642e-02 1.742586842738091946e-03 1.430647373199462891e-01 1.484159827232360840e-01 3.080897778272628784e-02 2.199113927781581879e-02 1.605115085840225220e-02 2.400849573314189911e-02 -1.070688843727111816e+00 1.801805011928081512e-02 3.723263042047619820e-03 2.420566603541374207e-02 6.422439962625503540e-02 8.687075972557067871e-02 2.251822501420974731e-03 4.777233116328716278e-03 2.164988033473491669e-02
7.536282390356063843e-02 3.014998324215412140e-02 7.650445681065320969e-03 5.743046756833791733e-03 7.024270016700029373e-03 5.653803423047065735e-02 2.068163268268108368e-02 1.414616964757442474e-02 8.087040856480598450e-03 2.049849927425384521e-01 4.179905652999877930e-01 5.729829147458076477e-02 -1.255512118339538574e+00 4.311252385377883911e-02 8.436733856797218323e-03 3.331604972481727600e-02 9.736842662096023560e-02 6.896492559462785721e-03 1.574350334703922272e-02 1.449810713529586792e-01
1.902731880545616150e-02 4.645527340471744537e-03 4.182796925306320190e-03 2.906106412410736084e-03 8.367576636373996735e-03 4.263373091816902161e-03 4.461694974452257156e-03 4.436224699020385742e-03 1.731318794190883636e-02 5.175481364130973816e-02 1.867118775844573975e-01 6.019407417625188828e-03 2.191793359816074371e-02 -6.851763129234313965e-01 8.605914190411567688e-03 3.876546025276184082e-02 1.024909503757953644e-02 2.223203517496585846e-02 2.225985229015350342e-01 4.671742767095565796e-02
1.233658865094184875e-01 3.081890381872653961e-02 7.802254054695367813e-03 2.516504377126693726e-02 1.516956253908574581e-03 3.359349817037582397e-02 3.998156636953353882e-02 1.860796473920345306e-02 1.778894849121570587e-02 4.256837535649538040e-03 3.517928346991539001e-02 3.264141455292701721e-02 3.577604889869689941e-03 7.178256288170814514e-03 -5.731023550033569336e-01 1.107406169176101685e-01 4.865496605634689331e-02 2.201057970523834229e-03 8.072802796959877014e-03 2.195850014686584473e-02
2.933275103569030762e-01 5.356335639953613281e-02 1.593121886253356934e-01 5.594378709793090820e-02 2.672437205910682678e-02 3.781109675765037537e-02 4.168008267879486084e-02 1.148444041609764099e-01 1.802552305161952972e-02 1.544758398085832596e-02 2.902170643210411072e-02 5.826041474938392639e-02 9.503711014986038208e-03 2.175146341323852539e-02 7.449524849653244019e-02 -1.328023672103881836e+00 2.656916081905364990e-01 7.626176811754703522e-03 2.639737352728843689e-02 1.859609223902225494e-02
1.882169246673583984e-01 2.438395656645298004e-02 7.976943999528884888e-02 2.110592275857925415e-02 9.277735836803913116e-03 3.170889243483543396e-02 4.485690593719482422e-02 1.943416148424148560e-02 1.156875118613243103e-02 7.010965049266815186e-02 2.835162915289402008e-02 8.922848105430603027e-02 3.144953027367591858e-02 6.511565297842025757e-03 3.705997765064239502e-02 3.008390665054321289e-01 -1.106825113296508789e+00 1.767867594026029110e-03 9.290418587625026703e-03 1.018943041563034058e-01
1.113869529217481613e-02 4.870621487498283386e-02 2.476933412253856659e-03 6.356437690556049347e-03 1.534699928015470505e-02 7.708414923399686813e-03 1.073357928544282913e-02 2.626093477010726929e-02 6.701267790049314499e-03 1.043378654867410660e-02 5.669307708740234375e-02 9.632527828216552734e-03 9.276850149035453796e-03 5.882411077618598938e-02 6.982094608247280121e-03 3.596163541078567505e-02 7.362511008977890015e-03 -4.412755668163299561e-01 8.489837497472763062e-02 2.578112855553627014e-02
2.020777389407157898e-02 1.698928698897361755e-02 4.339096695184707642e-02 1.882967539131641388e-02 9.973946027457714081e-03 7.476959843188524246e-03 1.121638063341379166e-02 9.439151734113693237e-03 9.661050140857696533e-02 1.996054686605930328e-02 3.560842946171760559e-02 8.564380928874015808e-03 8.875383064150810242e-03 2.468379139900207520e-01 1.073228009045124054e-02 5.216830968856811523e-02 1.621529832482337952e-02 3.558056429028511047e-02 -6.931366324424743652e-01 2.445887774229049683e-02
1.713757365942001343e-01 1.063186395913362503e-02 7.880753837525844574e-03 9.621319361031055450e-03 1.951095089316368103e-02 1.030232012271881104e-02 3.492020815610885620e-02 1.569079980254173279e-02 2.913517644628882408e-03 3.779603242874145508e-01 1.562940478324890137e-01 1.899232715368270874e-02 3.999448195099830627e-02 2.534962631762027740e-02 1.428477466106414795e-02 1.798335835337638855e-02 8.702471852302551270e-02 5.287111271172761917e-03 1.196849625557661057e-02 -1.037986636161804199e+00
