-9.338155984878540039e-01 2.766349911689758301e-02 2.940173633396625519e-02 4.411241784691810608e-02 1.742689311504364014e-02 3.432743623852729797e-02 7.647391408681869507e-02 9.624930471181869507e-02 1.015594415366649628e-02 2.154004946351051331e-02 3.641819208860397339e-02 5.491354316473007202e-02 1.629659533500671387e-02 1.055669039487838745e-02 5.594820156693458557e-02 1.745950728654861450e-01 1.093279272317886353e-01 2.514277584850788116e-03 1.039316691458225250e-02 1.055007502436637878e-01
5.195614695549011230e-02 -8.329727053642272949e-01 3.245344385504722595e-02 1.692763529717922211e-02 9.441525675356388092e-03 9.114120155572891235e-02 3.853875771164894104e-02 4.433642327785491943e-02 4.393122345209121704e-02 1.297187339514493942e-02 3.976081311702728271e-02 2.412397116422653198e-01 1.373666711151599884e-02 6.287556607276201248e-03 2.968928031623363495e-02 7.232137024402618408e-02 4.005390405654907227e-02 1.333817001432180405e-02 1.421453151851892471e-02 2.063240669667720795e-02
5.898496136069297791e-02 3.466564789414405823e-02 -1.121744394302368164e+00 2.078651189804077148e-01 5.987919867038726807e-03 5.312700942158699036e-02 6.623999774456024170e-02 7.659499347209930420e-02 7.201426476240158081e-02 2.237404137849807739e-02 1.603974774479866028e-02 1.336262673139572144e-01 6.358209066092967987e-03 7.599507924169301987e-03 1.571737974882125854e-02 1.896522194147109985e-01 1.014055982232093811e-01 2.018224913626909256e-03 3.122726641595363617e-02 2.024599350988864899e-02
6.719151139259338379e-02 1.372840348631143570e-02 1.578217595815658569e-01 -8.548324108123779297e-01 2.076007658615708351e-03 3.573263809084892273e-02 2.554570734500885010e-01 6.582373380661010742e-02 2.394130453467369080e-02 6.200260482728481293e-03 1.108905859291553497e-02 4.676293209195137024e-02 3.666335251182317734e-03 3.789500100538134575e-03 2.135074511170387268e-02 7.450263947248458862e-02 3.404808416962623596e-02 2.113288035616278648e-03 1.292166300117969513e-02 1.661541499197483063e-02
8.069043606519699097e-02 2.327632531523704529e-02 1.382005400955677032e-02 6.310698576271533966e-03 -4.744401872158050537e-01 7.040557917207479477e-03 6.813511252403259277e-03 2.699171751737594604e-02 7.672768086194992065e-03 1.488839276134967804e-02 3.379710763692855835e-02 1.035168673843145370e-02 9.512495249509811401e-03 1.625028438866138458e-02 7.144564297050237656e-03 8.450732380151748657e-02 3.477407246828079224e-02 1.009103376418352127e-02 1.769692078232765198e-02 6.281024962663650513e-02
7.307621836662292480e-02 1.033045947551727295e-01 5.637437850236892700e-02 4.993973299860954285e-02 3.236977849155664444e-03 -1.077316045761108398e+00 2.141428589820861816e-01 3.032977133989334106e-02 7.562462985515594482e-02 1.160110346972942352e-02 5.720441415905952454e-02 1.756736934185028076e-01 2.463405206799507141e-02 6.739186123013496399e-03 3.645271435379981995e-02 6.750637292861938477e-02 5.146985128521919250e-02 3.418602515012025833e-03 1.146183628588914871e-02 2.512508071959018707e-02
1.098000258207321167e-01 2.946164458990097046e-02 4.740685224533081055e-02 2.407983541488647461e-01 2.112798159942030907e-03 1.444302052259445190e-01 -9.890729784965515137e-01 4.729952663183212280e-02 1.850418001413345337e-02 1.071306876838207245e-02 1.815742440521717072e-02 1.255286931991577148e-01 8.208355866372585297e-03 4.796225577592849731e-03 3.052216209471225739e-02 5.502280592918395996e-02 4.899206012487411499e-02 2.658044686540961266e-03 8.592588827013969421e-03 3.606796264648437500e-02
1.083150133490562439e-01 2.656573988497257233e-02 4.296582192182540894e-02 4.863176122307777405e-02 6.560236681252717972e-03 1.603339426219463348e-02 3.707308694720268250e-02 -4.959724545478820801e-01 8.351812139153480530e-03 4.652587696909904480e-03 9.011665359139442444e-03 2.896356023848056793e-02 4.283888731151819229e-03 3.616601461544632912e-03 1.430848333984613419e-02 8.463630080223083496e-02 2.426204830408096313e-02 4.756074864417314529e-03 5.347888451069593430e-03 1.763654686510562897e-02
3.329552710056304932e-02 7.668476551771163940e-02 1.176835671067237854e-01 5.152996256947517395e-02 5.432697944343090057e-03 1.164646521210670471e-01 4.225191101431846619e-02 2.433073706924915314e-02 -8.490758538246154785e-01 1.055445801466703415e-02 3.782779350876808167e-02 6.018973886966705322e-02 9.290242567658424377e-03 2.761577069759368896e-02 2.869726344943046570e-02 5.383245646953582764e-02 3.266720473766326904e-02 4.946392960846424103e-03 1.020566746592521667e-01 1.372405048459768295e-02
3.665378317236900330e-02 1.175289880484342575e-02 1.897790282964706421e-02 6.926733069121837616e-03 5.471644457429647446e-03 9.273351170122623444e-03 1.269687619060277939e-02 7.035186979919672012e-03 5.478257779031991959e-03 -9.471080303192138672e-01 2.081711590290069580e-01 2.170822024345397949e-02 6.526530534029006958e-02 3.838797286152839661e-02 7.891112938523292542e-03 2.770914882421493530e-02 7.434660941362380981e-02 3.563259728252887726e-03 1.582072675228118896e-02 3.699778914451599121e-01
3.943651169538497925e-02 2.292479760944843292e-02 8.657835423946380615e-03 7.883537560701370239e-03 7.904193364083766937e-03 2.909878641366958618e-02 1.369446888566017151e-02 8.671496063470840454e-03 1.249468978494405746e-02 1.324733495712280273e-01 -6.776136159896850586e-01 2.139589935541152954e-02 7.894954830408096313e-02 7.129324227571487427e-02 1.829396188259124756e-02 2.741315774619579315e-02 2.755514904856681824e-02 9.144238196313381195e-03 1.861535012722015381e-02 1.217133700847625732e-01
7.419776916503906250e-02 1.735522896051406860e-01 8.999842405319213867e-02 4.148198664188385010e-02 3.020788775756955147e-03 1.115022003650665283e-01 1.181313693523406982e-01 3.477540984749794006e-02 2.480665408074855804e-02 1.723706908524036407e-02 2.669696323573589325e-02 -9.441620111465454102e-01 1.672831550240516663e-02 5.411423742771148682e-03 2.640476636588573456e-02 6.808979064226150513e-02 7.405817508697509766e-02 3.138882108032703400e-03 7.910328917205333710e-03 2.701937034726142883e-02
6.381458789110183716e-02 2.864010445773601532e-02 1.241050846874713898e-02 9.425439871847629547e-03 8.044803515076637268e-03 4.531314596533775330e-02 2.238670364022254944e-02 1.490631140768527985e-02 1.109646167606115341e-02 1.501873284578323364e-01 2.854911684989929199e-01 4.848014935851097107e-02 -1.005916953086853027e+00 3.925024345517158508e-02 1.083296816796064377e-02 3.726505488157272339e-02 7.346729934215545654e-02 7.138144690543413162e-03 1.567072793841362000e-02 1.220958158373832703e-01
2.380186878144741058e-02 7.548060733824968338e-03 8.540837094187736511e-03 5.609338171780109406e-03 7.913018576800823212e-03 7.137662265449762344e-03 7.531712763011455536e-03 7.245909422636032104e-03 1.899218000471591949e-02 5.086351186037063599e-02 1.484402120113372803e-01 9.029910899698734283e-03 2.259969338774681091e-02 -6.330560445785522461e-01 8.806003257632255554e-03 3.510778024792671204e-02 1.543583907186985016e-02 1.953166536986827850e-02 1.804363429546356201e-01 4.848454892635345459e-02
1.080664917826652527e-01 3.053337149322032928e-02 1.513271126896142960e-02 2.707474306225776672e-02 2.980427816510200500e-03 3.307501971721649170e-02 4.106114804744720459e-02 2.455881983041763306e-02 1.690751500427722931e-02 8.957174606621265411e-03 3.263117372989654541e-02 3.774643316864967346e-02 5.343542899936437607e-03 7.543979678303003311e-03 -5.748729109764099121e-01 9.592761099338531494e-02 4.991060867905616760e-02 2.551125828176736832e-03 8.805584162473678589e-03 2.606542035937309265e-02
2.073109000921249390e-01 4.572218284010887146e-02 1.122483015060424805e-01 5.807754024863243103e-02 2.167117223143577576e-02 3.765305131673812866e-02 4.550339281558990479e-02 8.930087834596633911e-02 1.949704252183437347e-02 1.933486759662628174e-02 3.005862608551979065e-02 5.983575433492660522e-02 1.129974890500307083e-02 1.848886534571647644e-02 5.896969139575958252e-02 -1.083040595054626465e+00 1.880533099174499512e-01 6.456964649260044098e-03 2.399918437004089355e-02 2.955911308526992798e-02
1.490044444799423218e-01 2.906585857272148132e-02 6.889088451862335205e-02 3.046542592346668243e-02 1.023579481989145279e-02 3.295234963297843933e-02 4.650554433465003967e-02 2.938356809318065643e-02 1.358046196401119232e-02 5.954663082957267761e-02 3.468094021081924438e-02 7.470158487558364868e-02 2.557049505412578583e-02 9.330719709396362305e-03 3.521730378270149231e-02 2.158534526824951172e-01 -9.620034694671630859e-01 2.603743225336074829e-03 1.152738463133573532e-02 8.288682997226715088e-02
1.567957550287246704e-02 4.428814351558685303e-02 6.273679435253143311e-03 8.652191609144210815e-03 1.359110046178102493e-02 1.001463178545236588e-02 1.154500804841518402e-02 2.635594829916954041e-02 9.409013204276561737e-03 1.305859442800283432e-02 5.266093090176582336e-02 1.448720879852771759e-02 1.136798039078712463e-02 5.402279645204544067e-02 8.236600086092948914e-03 3.391246497631072998e-02 1.191382110118865967e-02 -4.489025771617889404e-01 7.860315591096878052e-02 2.482972852885723114e-02
2.563451230525970459e-02 1.866722851991653442e-02 3.839217871427536011e-02 2.092386782169342041e-02 9.426984004676342010e-03 1.327995583415031433e-02 1.476087234914302826e-02 1.172110065817832947e-02 7.678085565567016602e-02 2.293144352734088898e-02 4.240023344755172729e-02 1.443977188318967819e-02 9.870592504739761353e-03 1.973867118358612061e-01 1.124424766749143600e-02 4.985210299491882324e-02 2.086122334003448486e-02 3.108823485672473907e-02 -6.559030413627624512e-01 2.624089270830154419e-02
1.305565088987350464e-01 1.359449420124292374e-02 1.248859986662864685e-02 1.349896844476461411e-02 1.678693480789661407e-02 1.460547838360071182e-02 3.108676150441169739e-02 1.939391344785690308e-02 5.180357024073600769e-03 2.690584361553192139e-01 1.390917003154754639e-01 2.474610507488250732e-02 3.858519345521926880e-02 2.661111764609813690e-02 1.669947430491447449e-02 3.080663457512855530e-02 7.525934278964996338e-02 4.927128553390502930e-03 1.316571515053510666e-02 -8.961428999900817871e-01
