-9.222179651260375977e-01 2.615872584283351898e-02 2.862381003797054291e-02 4.513218626379966736e-02 1.726097986102104187e-02 3.206067904829978943e-02 7.519577443599700928e-02 9.575977176427841187e-02 1.092380378395318985e-02 2.220238931477069855e-02 3.665640950202941895e-02 5.697593837976455688e-02 1.533751189708709717e-02 1.071380544453859329e-02 5.316964909434318542e-02 1.701935678720474243e-01 1.088166087865829468e-01 2.284739632159471512e-03 9.883363731205463409e-03 1.048683002591133118e-01
4.950444772839546204e-02 -8.187457323074340820e-01 2.955587394535541534e-02 1.740571111440658569e-02 8.222975768148899078e-03 8.850984275341033936e-02 3.776418045163154602e-02 4.406473785638809204e-02 4.594244062900543213e-02 1.191039104014635086e-02 3.625435009598731995e-02 2.325559258460998535e-01 1.416951511055231094e-02 8.053868077695369720e-03 3.031468205153942108e-02 7.309381663799285889e-02 4.049275070428848267e-02 1.407705992460250854e-02 1.551493722945451736e-02 2.133824862539768219e-02
5.681525915861129761e-02 3.099942766129970551e-02 -1.100261330604553223e+00 2.064293920993804932e-01 4.935158416628837585e-03 5.466953665018081665e-02 6.111720576882362366e-02 7.089931517839431763e-02 6.836587935686111450e-02 2.159544825553894043e-02 1.524683739989995956e-02 1.359335184097290039e-01 6.762082688510417938e-03 6.912881042808294296e-03 1.507803332060575485e-02 1.923566013574600220e-01 1.007465645670890808e-01 2.158795250579714775e-03 3.036882542073726654e-02 1.887058094143867493e-02
6.854926049709320068e-02 1.396949030458927155e-02 1.579612046480178833e-01 -8.463816046714782715e-01 1.950099249370396137e-03 3.559522703289985657e-02 2.513471841812133789e-01 6.452269107103347778e-02 2.467292733490467072e-02 6.963016465306282043e-03 9.458854794502258301e-03 4.651900008320808411e-02 3.722046036273241043e-03 3.429778385907411575e-03 2.163911797106266022e-02 7.007251679897308350e-02 3.157800808548927307e-02 2.211059676483273506e-03 1.305494830012321472e-02 1.916514523327350616e-02
7.904272526502609253e-02 1.989746652543544769e-02 1.138570718467235565e-02 5.879450589418411255e-03 -4.595564305782318115e-01 5.766791291534900665e-03 8.668321184813976288e-03 2.340018562972545624e-02 7.204690948128700256e-03 1.478651538491249084e-02 3.213073685765266418e-02 1.266908552497625351e-02 7.702395319938659668e-03 1.705616340041160583e-02 6.394815165549516678e-03 8.646174520254135132e-02 3.288743272423744202e-02 1.053686253726482391e-02 1.628740690648555756e-02 6.139793992042541504e-02
6.914229691028594971e-02 1.008637323975563049e-01 5.939897149801254272e-02 5.054130405187606812e-02 2.715869341045618057e-03 -1.074645638465881348e+00 2.111537903547286987e-01 3.093327395617961884e-02 7.663142681121826172e-02 1.125896163284778595e-02 5.721700191497802734e-02 1.760735660791397095e-01 2.826048061251640320e-02 7.568552624434232712e-03 3.855014964938163757e-02 6.568717211484909058e-02 5.067007988691329956e-02 3.592740511521697044e-03 1.048705074936151505e-02 2.389912866055965424e-02
1.103650704026222229e-01 2.928806096315383911e-02 4.519227147102355957e-02 2.428822666406631470e-01 2.778284950181841850e-03 1.437030434608459473e-01 -9.944184422492980957e-01 4.942036047577857971e-02 1.796773634850978851e-02 9.613118134438991547e-03 1.885654963552951813e-02 1.273671686649322510e-01 1.007917523384094238e-02 5.154656246304512024e-03 3.055088967084884644e-02 5.466637760400772095e-02 4.746046289801597595e-02 2.051612129434943199e-03 8.761350996792316437e-03 3.825993835926055908e-02
1.079744473099708557e-01 2.625435963273048401e-02 4.027563333511352539e-02 4.789982363581657410e-02 5.761834327131509781e-03 1.617307774722576141e-02 3.796694055199623108e-02 -4.923396110534667969e-01 8.529132232069969177e-03 5.108790472149848938e-03 1.034520566463470459e-02 2.852873876690864563e-02 3.677815897390246391e-03 3.946859855204820633e-03 1.481050532311201096e-02 8.290530741214752197e-02 2.517953515052795410e-02 4.123798105865716934e-03 6.044746376574039459e-03 1.683307439088821411e-02
3.561756387352943420e-02 7.915471494197845459e-02 1.123032122850418091e-01 5.296568572521209717e-02 5.129904020577669144e-03 1.158580332994461060e-01 3.991585969924926758e-02 2.466364577412605286e-02 -8.580436706542968750e-01 1.186270453035831451e-02 3.685702383518218994e-02 6.351590156555175781e-02 7.772192358970642090e-03 3.006282076239585876e-02 3.316279128193855286e-02 5.476047098636627197e-02 3.411057218909263611e-02 4.361107945442199707e-03 1.029717475175857544e-01 1.299770548939704895e-02
3.864578530192375183e-02 1.095470692962408066e-02 1.893769390881061554e-02 7.979642599821090698e-03 5.620460025966167450e-03 9.087191894650459290e-03 1.140062045305967331e-02 7.886468432843685150e-03 6.332800723612308502e-03 -9.463623166084289551e-01 2.008890509605407715e-01 2.073151059448719025e-02 6.986516714096069336e-02 3.795340657234191895e-02 8.299082517623901367e-03 2.866990119218826294e-02 7.523117214441299438e-02 4.212399013340473175e-03 1.531335152685642242e-02 3.683519363403320312e-01
3.972382098436355591e-02 2.076029777526855469e-02 8.324216119945049286e-03 6.748748943209648132e-03 7.603707257658243179e-03 2.875114418566226959e-02 1.392275467514991760e-02 9.942655451595783234e-03 1.224985811859369278e-02 1.250705122947692871e-01 -6.694396138191223145e-01 2.207785844802856445e-02 8.194243907928466797e-02 7.161379605531692505e-02 2.027570270001888275e-02 2.589448541402816772e-02 2.649469673633575439e-02 9.019312448799610138e-03 1.822183467447757721e-02 1.208018064498901367e-01
7.617025822401046753e-02 1.642834097146987915e-01 9.155519306659698486e-02 4.094566032290458679e-02 3.698645858094096184e-03 1.091483086347579956e-01 1.160147488117218018e-01 3.382506594061851501e-02 2.604270540177822113e-02 1.592291146516799927e-02 2.723640203475952148e-02 -9.248470664024353027e-01 1.566004380583763123e-02 6.008144002407789230e-03 2.571079879999160767e-02 6.489106267690658569e-02 7.277247309684753418e-02 3.628107719123363495e-03 6.887096911668777466e-03 2.444601431488990784e-02
6.048381701111793518e-02 2.952647581696510315e-02 1.343467831611633301e-02 9.663837961852550507e-03 6.633055862039327621e-03 5.167645961046218872e-02 2.708140015602111816e-02 1.286282576620578766e-02 9.400208480656147003e-03 1.582860201597213745e-01 2.981892824172973633e-01 4.619376361370086670e-02 -1.026483774185180664e+00 3.468687832355499268e-02 1.130667608231306076e-02 3.727542608976364136e-02 7.929411530494689941e-02 6.746341008692979813e-03 1.441014558076858521e-02 1.193324103951454163e-01
2.517495490610599518e-02 1.000004168599843979e-02 8.183639496564865112e-03 5.306089762598276138e-03 8.752050809562206268e-03 8.246443234384059906e-03 8.252517320215702057e-03 8.225053548812866211e-03 2.166528068482875824e-02 5.123577639460563660e-02 1.552817821502685547e-01 1.056018099188804626e-02 2.066835202276706696e-02 -6.507654786109924316e-01 1.123027782887220383e-02 3.407365828752517700e-02 1.734702661633491516e-02 2.045018784701824188e-02 1.771227866411209106e-01 4.898941889405250549e-02
1.010989621281623840e-01 3.045848198235034943e-02 1.444408576935529709e-02 2.708981372416019440e-02 2.655305201187729836e-03 3.398896008729934692e-02 3.957933932542800903e-02 2.497554011642932892e-02 1.933942921459674835e-02 9.065892547369003296e-03 3.557604178786277771e-02 3.656828030943870544e-02 5.451720207929611206e-03 9.087583981454372406e-03 -5.781649947166442871e-01 9.795086085796356201e-02 5.312370508909225464e-02 2.861758228391408920e-03 9.457915090024471283e-03 2.539133466780185699e-02
2.022220194339752197e-01 4.589213430881500244e-02 1.151475831866264343e-01 5.481716617941856384e-02 2.243431843817234039e-02 3.619051352143287659e-02 4.425550997257232666e-02 8.736344426870346069e-02 1.995547860860824585e-02 1.957082189619541168e-02 2.839170210063457489e-02 5.767349153757095337e-02 1.123113371431827545e-02 1.722975447773933411e-02 6.120834872126579285e-02 -1.072241783142089844e+00 1.894453465938568115e-01 6.236033979803323746e-03 2.286184765398502350e-02 3.011504560708999634e-02
1.478696614503860474e-01 2.907592244446277618e-02 6.897260248661041260e-02 2.825219742953777313e-02 9.759271517395973206e-03 3.192745894193649292e-02 4.394178092479705811e-02 3.034545853734016418e-02 1.421616971492767334e-02 5.873260647058486938e-02 3.322321921586990356e-02 7.397025078535079956e-02 2.732376381754875183e-02 1.003191806375980377e-02 3.796551749110221863e-02 2.166619002819061279e-01 -9.577521085739135742e-01 2.290562028065323830e-03 1.149152126163244247e-02 8.170033246278762817e-02
1.399163622409105301e-02 4.555290564894676208e-02 6.660483311861753464e-03 8.914886042475700378e-03 1.409115642309188843e-02 1.020202785730361938e-02 8.560296148061752319e-03 2.239707298576831818e-02 8.191024884581565857e-03 1.482036430388689041e-02 5.096875876188278198e-02 1.661950349807739258e-02 1.047648955136537552e-02 5.329716205596923828e-02 9.216834791004657745e-03 3.214067220687866211e-02 1.032262016087770462e-02 -4.391866028308868408e-01 7.773761451244354248e-02 2.502508461475372314e-02
2.473075315356254578e-02 2.051421441137790680e-02 3.828450292348861694e-02 2.150756865739822388e-02 8.899959735572338104e-03 1.216787658631801605e-02 1.493707019835710526e-02 1.341444533318281174e-02 7.902423292398452759e-02 2.201407216489315033e-02 4.207494109869003296e-02 1.289064995944499969e-02 9.143587201833724976e-03 1.886175125837326050e-01 1.244643703103065491e-02 4.814581945538520813e-02 2.116051129996776581e-02 3.176376223564147949e-02 -6.502726078033447266e-01 2.853465266525745392e-02
1.325620114803314209e-01 1.425299048423767090e-02 1.201773528009653091e-02 1.595036499202251434e-02 1.694853790104389191e-02 1.400831341743469238e-02 3.295193985104560852e-02 1.887123845517635345e-02 5.039079580456018448e-03 2.675071656703948975e-01 1.409117281436920166e-01 2.311474084854125977e-02 3.825154528021812439e-02 2.635434642434120178e-02 1.688019745051860809e-02 3.203857317566871643e-02 7.600020617246627808e-02 5.165574606508016586e-03 1.441500987857580185e-02 -9.032413363456726074e-01
