
0.551571 
0.509848 0.635346 
0.738998 0.147304 5.429419 
1.027040 0.528191 0.265256 0.030295 
0.908598 3.035500 1.543640 0.616783 0.098818 
1.582850 0.439157 0.947198 6.174159 0.021352 5.469469 
1.416720 0.584665 1.125560 0.865584 0.306674 0.330052 0.567717 
0.316954 2.137150 3.956290 0.930676 0.248972 4.294110 0.570025 0.249410 
0.193335 0.186979 0.554236 0.039437 0.170135 0.113917 0.127395 0.030450 0.138190 
0.397915 0.497671 0.131528 0.084805 0.384287 0.869489 0.154263 0.061304 0.499462 3.170970 
0.906265 5.351419 3.012010 0.479855 0.074034 3.894900 2.584430 0.373558 0.890432 0.323832 0.257555 
0.893496 0.683162 0.198221 0.103754 0.390482 1.545260 0.315124 0.174100 0.404141 4.257460 4.854020 0.934276 
0.210494 0.102711 0.096162 0.046730 0.398020 0.099921 0.081134 0.049931 0.679371 1.059470 2.115170 0.088836 1.190630 
1.438550 0.679489 0.195081 0.423984 0.109404 0.933372 0.682355 0.243570 0.696198 0.099929 0.415844 0.556896 0.171329 0.161444 
3.370790 1.224190 3.974230 1.071760 1.407660 1.028870 0.704939 1.341820 0.740169 0.319440 0.344739 0.967130 0.493905 0.545931 1.613280 
2.121110 0.554413 2.030060 0.374866 0.512984 0.857928 0.822765 0.225833 0.473307 1.458160 0.326622 1.386980 1.516120 0.171903 0.795384 4.378020 
0.113133 1.163920 0.071917 0.129767 0.717070 0.215737 0.156557 0.336983 0.262569 0.212483 0.665309 0.137505 0.515706 1.529640 0.139405 0.523742 0.110864 
0.240735 0.381533 1.086000 0.325711 0.543833 0.227710 0.196303 0.103604 3.873440 0.420170 0.398618 0.133264 0.428437 6.454279 0.216046 0.786993 0.291148 2.485390 
2.006010 0.251849 0.196246 0.152335 1.002140 0.301281 0.588731 0.187247 0.118358 7.821299 1.800340 0.305434 2.058450 0.649892 0.314887 0.232739 1.388230 0.365369 0.314730 

0.086628 0.043972 0.039089 0.057045 0.019308 0.036728 0.058059 0.083252 0.024431 0.048466 0.086209 0.062029 0.019503 0.038432 0.045763 0.069518 0.061013 0.014386 0.035274 0.070896 