-8.054125308990478516e-01 4.018542915582656860e-02 2.342332713305950165e-02 4.152511060237884521e-02 1.706982217729091644e-02 3.851285204291343689e-02 6.824401766061782837e-02 7.425538450479507446e-02 1.257300656288862228e-02 2.309031225740909576e-02 3.714634478092193604e-02 3.784993663430213928e-02 1.433400530368089676e-02 9.792597964406013489e-03 3.910327702760696411e-02 1.399651169776916504e-01 8.385408669710159302e-02 2.754653338342905045e-03 8.332324214279651642e-03 9.340085834264755249e-02
6.239094585180282593e-02 -7.613690495491027832e-01 3.326324000954627991e-02 2.608569525182247162e-02 8.270122110843658447e-03 8.995214849710464478e-02 5.232257768511772156e-02 3.111782111227512360e-02 4.711589217185974121e-02 1.365668047219514847e-02 3.929095342755317688e-02 1.816529482603073120e-01 1.114777289330959320e-02 7.279737852513790131e-03 1.736936345696449280e-02 5.214700847864151001e-02 4.626575857400894165e-02 6.990264635533094406e-03 1.254581008106470108e-02 2.250434644520282745e-02
4.419206455349922180e-02 4.042102396488189697e-02 -8.182215094566345215e-01 1.429953575134277344e-01 7.033797446638345718e-03 4.837949573993682861e-02 5.264649912714958191e-02 6.241570785641670227e-02 5.628639832139015198e-02 1.340665947645902634e-02 1.652914471924304962e-02 8.039762824773788452e-02 8.278926834464073181e-03 8.621594868600368500e-03 1.178634352982044220e-02 1.206685230135917664e-01 6.929360330104827881e-02 2.134436508640646935e-03 1.802439987659454346e-02 1.470986288040876389e-02
6.564147025346755981e-02 2.655931934714317322e-02 1.198101714253425598e-01 -7.422965168952941895e-01 2.076013945043087006e-03 4.005736485123634338e-02 1.953897625207901001e-01 5.956484004855155945e-02 2.194082923233509064e-02 5.220592953264713287e-03 1.025248132646083832e-02 3.845310583710670471e-02 3.500265534967184067e-03 4.051125142723321915e-03 2.106887288391590118e-02 6.977205723524093628e-02 3.895703330636024475e-02 1.648519071750342846e-03 7.642765995115041733e-03 1.068996731191873550e-02
6.747122108936309814e-02 2.105467580258846283e-02 1.473613828420639038e-02 5.191016010940074921e-03 -4.205423593521118164e-01 8.120120503008365631e-03 4.555661696940660477e-03 1.826687529683113098e-02 1.143593434244394302e-02 1.920926012098789215e-02 3.127203509211540222e-02 7.117859087884426117e-03 1.039606798440217972e-02 1.993221417069435120e-02 4.157052375376224518e-03 7.040094584226608276e-02 3.254824876785278320e-02 5.097832996398210526e-03 2.087811380624771118e-02 4.870110005140304565e-02
8.080659806728363037e-02 1.215625330805778503e-01 5.380303040146827698e-02 5.316869914531707764e-02 4.310365300625562668e-03 -9.781708717346191406e-01 1.570525914430618286e-01 2.961546555161476135e-02 6.562696397304534912e-02 1.575339026749134064e-02 5.074385926127433777e-02 1.326380074024200439e-01 2.192430198192596436e-02 7.834718562662601471e-03 2.203627303242683411e-02 6.404486298561096191e-02 5.526665225625038147e-02 3.635047236457467079e-03 1.300035510212182999e-02 2.534710615873336792e-02
1.144681200385093689e-01 5.652702972292900085e-02 4.680516198277473450e-02 2.073262631893157959e-01 1.933222752995789051e-03 1.255520880222320557e-01 -9.566555023193359375e-01 4.220788180828094482e-02 1.949021033942699432e-02 1.326119620352983475e-02 2.407091856002807617e-02 1.033992990851402283e-01 8.060269989073276520e-03 5.390427540987730026e-03 2.741037122905254364e-02 6.433002650737762451e-02 5.620852485299110413e-02 2.332774456590414047e-03 8.522919379174709320e-03 2.935883216559886932e-02
9.064055979251861572e-02 2.446531690657138824e-02 4.038246348500251770e-02 4.599568992853164673e-02 5.641171708703041077e-03 1.722947321832180023e-02 3.071624971926212311e-02 -4.196677207946777344e-01 9.795829653739929199e-03 3.931368701159954071e-03 8.456687442958354950e-03 2.232753112912178040e-02 3.557256888598203659e-03 3.899397794157266617e-03 1.236716844141483307e-02 6.375609338283538818e-02 2.082544565200805664e-02 2.189157065004110336e-03 4.067201633006334305e-03 9.423648007214069366e-03
3.113881684839725494e-02 7.515837997198104858e-02 7.388745993375778198e-02 3.437545895576477051e-02 7.165476214140653610e-03 7.746475189924240112e-02 2.877792529761791229e-02 1.987511105835437775e-02 -6.271312832832336426e-01 9.540269151329994202e-03 2.827483043074607849e-02 3.507963195443153381e-02 7.313279900699853897e-03 2.569546364247798920e-02 1.215533632785081863e-02 3.957049548625946045e-02 2.606362104415893555e-02 6.218552589416503906e-03 7.517102360725402832e-02 1.420544832944869995e-02
2.842910960316658020e-02 1.082993019372224808e-02 8.748997934162616730e-03 4.066172521561384201e-03 5.983489565551280975e-03 9.244136512279510498e-03 9.734108112752437592e-03 3.965359646826982498e-03 4.742759745568037033e-03 -7.886464595794677734e-01 1.969185173511505127e-01 1.371309719979763031e-02 5.475981533527374268e-02 3.287156298756599426e-02 5.712420213967561722e-03 1.346838381141424179e-02 4.196127504110336304e-02 2.599847503006458282e-03 1.109037362039089203e-02 3.298070430755615234e-01
3.329074010252952576e-02 2.268020622432231903e-02 7.851669564843177795e-03 5.812579765915870667e-03 7.090452592819929123e-03 2.167453244328498840e-02 1.286115869879722595e-02 6.208876613527536392e-03 1.023162156343460083e-02 1.433377265930175781e-01 -6.056613922119140625e-01 1.569946110248565674e-02 7.757599651813507080e-02 6.272573769092559814e-02 1.004119589924812317e-02 1.647962816059589386e-02 2.360462397336959839e-02 6.786987651139497757e-03 1.798217557370662689e-02 1.037260591983795166e-01
7.076941430568695068e-02 2.187610566616058350e-01 7.967608422040939331e-02 4.548251628875732422e-02 3.366978373378515244e-03 1.181972399353981018e-01 1.152598559856414795e-01 3.420003503561019897e-02 2.648332715034484863e-02 2.082488313317298889e-02 3.275350853800773621e-02 -9.884832501411437988e-01 1.691987365484237671e-02 6.309885531663894653e-03 2.284810133278369904e-02 6.800834089517593384e-02 7.005972415208816528e-02 2.391109708696603775e-03 1.047517638653516769e-02 2.569611370563507080e-02
3.966372087597846985e-02 1.986831426620483398e-02 1.214239280670881271e-02 6.127162836492061615e-03 7.277889642864465714e-03 2.891415730118751526e-02 1.329705677926540375e-02 8.063925430178642273e-03 8.170999586582183838e-03 1.230706349015235901e-01 2.395222634077072144e-01 2.504047378897666931e-02 -7.426943182945251465e-01 4.003805667161941528e-02 5.831593647599220276e-03 2.246399037539958954e-02 4.631231352686882019e-02 5.485314410179853439e-03 1.351903472095727921e-02 7.788504660129547119e-02
1.613374985754489899e-02 7.725031115114688873e-03 7.528861518949270248e-03 4.222265910357236862e-03 8.308132179081439972e-03 6.152047310024499893e-03 5.294691305607557297e-03 5.263084545731544495e-03 1.709349639713764191e-02 4.398700222373008728e-02 1.153123453259468079e-01 5.560046527534723282e-03 2.383880689740180969e-02 -4.963296651840209961e-01 4.678457509726285934e-03 1.625087112188339233e-02 1.179979927837848663e-02 1.963689737021923065e-02 1.438540369272232056e-01 3.369006887078285217e-02
1.050506532192230225e-01 3.005499020218849182e-02 1.678297668695449829e-02 3.580629825592041016e-02 2.825410570949316025e-03 2.821516804397106171e-02 4.390162229537963867e-02 2.721831761300563812e-02 1.318528875708580017e-02 1.246442832052707672e-02 3.009980358183383942e-02 3.282881900668144226e-02 5.661701783537864685e-03 7.628706283867359161e-03 -5.432810783386230469e-01 7.336368411779403687e-02 4.186528176069259644e-02 2.414881251752376556e-03 6.516218651086091995e-03 2.739685215055942535e-02
1.738762855529785156e-01 4.172506183385848999e-02 7.945456355810165405e-02 5.483206361532211304e-02 2.212633565068244934e-02 3.791959956288337708e-02 4.764466360211372375e-02 6.488548964262008667e-02 1.984856277704238892e-02 1.358947157859802246e-02 2.284339070320129395e-02 4.518582671880722046e-02 1.008513104170560837e-02 1.225348934531211853e-02 3.392470255494117737e-02 -8.874498605728149414e-01 1.660759747028350830e-01 3.901538439095020294e-03 1.272909902036190033e-02 2.454856969416141510e-02
1.199845150113105774e-01 4.263906553387641907e-02 5.255310982465744019e-02 3.526300936937332153e-02 1.178254280239343643e-02 3.768972679972648621e-02 4.794939979910850525e-02 2.441184595227241516e-02 1.505818963050842285e-02 4.876589402556419373e-02 3.768691793084144592e-02 5.361532047390937805e-02 2.394812554121017456e-02 1.024797745048999786e-02 2.229817956686019897e-02 1.912877708673477173e-01 -8.756762742996215820e-01 2.762907417491078377e-03 1.039952132850885391e-02 8.733224123716354370e-02
1.198701467365026474e-02 1.959227211773395538e-02 4.923020955175161362e-03 4.538063891232013702e-03 5.612290930002927780e-03 7.538987789303064346e-03 6.051972042769193649e-03 7.804164197295904160e-03 1.092623360455036163e-02 9.188794530928134918e-03 3.295442834496498108e-02 5.564973689615726471e-03 8.626203984022140503e-03 5.186561867594718933e-02 3.911598119884729385e-03 1.366656739264726639e-02 8.402517996728420258e-03 -2.739339768886566162e-01 4.990671575069427490e-02 1.087255962193012238e-02
1.785779371857643127e-02 1.731838844716548920e-02 2.047513425350189209e-02 1.036202907562255859e-02 1.132044289261102676e-02 1.327931787818670273e-02 1.089005451649427414e-02 7.141061127185821533e-03 6.505028158426284790e-02 1.930520683526992798e-02 4.300278052687644958e-02 1.200722157955169678e-02 1.047083921730518341e-02 1.871312558650970459e-01 5.198423750698566437e-03 2.196032926440238953e-02 1.557665131986141205e-02 2.457969821989536285e-02 -5.331833362579345703e-01 2.025646157562732697e-02
9.976070374250411987e-02 1.548182312399148941e-02 8.327632211148738861e-03 7.222999352961778641e-03 1.316006015986204147e-02 1.290315482765436172e-02 1.869508437812328339e-02 8.245805278420448303e-03 6.126333493739366531e-03 2.861113846302032471e-01 1.236201152205467224e-01 1.467896997928619385e-02 3.006331063807010651e-02 2.184103056788444519e-02 1.089240238070487976e-02 2.110640704631805420e-02 6.519019603729248047e-02 2.668678993359208107e-03 1.009509712457656860e-02 -7.761912345886230469e-01
