-1.065125942230224609e+00 2.431167662143707275e-02 1.987319625914096832e-02 4.224857315421104431e-02 1.965907961130142212e-02 3.309884667396545410e-02 9.230407327413558960e-02 1.185631603002548218e-01 7.686438970267772675e-03 9.384023025631904602e-03 3.426777943968772888e-02 5.636343732476234436e-02 1.742047816514968872e-02 8.235009387135505676e-03 6.592281907796859741e-02 2.339898496866226196e-01 1.293601691722869873e-01 1.667726086452603340e-03 8.465016260743141174e-03 1.423044949769973755e-01
4.786301776766777039e-02 -9.285059571266174316e-01 2.486521005630493164e-02 8.365759626030921936e-03 1.036174222826957703e-02 1.108343973755836487e-01 2.546185813844203949e-02 4.833998531103134155e-02 5.214653536677360535e-02 9.045748971402645111e-03 4.320366308093070984e-02 3.321979939937591553e-01 1.332394592463970184e-02 3.912937361747026443e-03 3.117467276751995087e-02 8.493855595588684082e-02 3.394835442304611206e-02 1.690518110990524292e-02 1.350413635373115540e-02 1.811228506267070770e-02
4.400894418358802795e-02 2.796920761466026306e-02 -1.387772917747497559e+00 3.102043569087982178e-01 5.206505768001079559e-03 5.683723464608192444e-02 5.515655875205993652e-02 9.435821324586868286e-02 9.724657237529754639e-02 2.675140276551246643e-02 1.121400762349367142e-02 1.872439980506896973e-01 3.965595737099647522e-03 3.635903121903538704e-03 9.203653782606124878e-03 2.771083414554595947e-01 1.237918362021446228e-01 1.060936716385185719e-03 3.875422105193138123e-02 1.405541691929101944e-02
6.411761045455932617e-02 6.448897998780012131e-03 2.125885784626007080e-01 -9.420796632766723633e-01 5.519394762814044952e-04 2.256175689399242401e-02 3.588510751724243164e-01 7.180263847112655640e-02 2.235917188227176666e-02 1.913252519443631172e-03 7.242235355079174042e-03 2.963477373123168945e-02 2.071572002023458481e-03 1.854661270044744015e-03 1.921518892049789429e-02 7.407507300376892090e-02 2.277728728950023651e-02 1.874047331511974335e-03 1.142153702676296234e-02 1.071834098547697067e-02
8.863580971956253052e-02 2.372977696359157562e-02 1.060032472014427185e-02 1.639729365706443787e-03 -4.667517244815826416e-01 3.734786529093980789e-03 1.451838645152747631e-03 2.586891502141952515e-02 5.962965078651905060e-03 8.451646193861961365e-03 3.370573371648788452e-02 4.368596244603395462e-03 7.733666803687810898e-03 1.543036475777626038e-02 4.877398256212472916e-03 9.792871773242950439e-02 3.137903660535812378e-02 1.041848491877317429e-02 1.956809498369693756e-02 7.126583158969879150e-02
7.813389599323272705e-02 1.328972876071929932e-01 6.058796495199203491e-02 3.509411588311195374e-02 1.955448649823665619e-03 -1.314882278442382812e+00 3.186438679695129395e-01 2.763970196247100830e-02 1.050875931978225708e-01 5.675538908690214157e-03 7.476427406072616577e-02 2.413280308246612549e-01 3.061691671609878540e-02 3.995886538177728653e-03 4.244631156325340271e-02 7.134649902582168579e-02 5.197404325008392334e-02 3.142938250675797462e-03 7.948209531605243683e-03 2.160371094942092896e-02
1.375352442264556885e-01 1.927072554826736450e-02 3.711223229765892029e-02 3.523239493370056152e-01 4.798058071173727512e-04 2.011277675628662109e-01 -1.179343223571777344e+00 4.739911854267120361e-02 1.416929345577955246e-02 6.053119432181119919e-03 1.331834029406309128e-02 1.604871600866317749e-01 6.113934796303510666e-03 3.149527125060558319e-03 3.093568421900272369e-02 4.865472763776779175e-02 5.046787858009338379e-02 2.200135495513677597e-03 6.899397354573011398e-03 4.164515435695648193e-02
1.232437640428543091e-01 2.552328258752822876e-02 4.429163411259651184e-02 4.918019846081733704e-02 5.964133888483047485e-03 1.217087637633085251e-02 3.306680917739868164e-02 -4.749057292938232422e-01 6.138564553111791611e-03 1.351698767393827438e-03 5.363096948713064194e-03 2.323551476001739502e-02 3.501125611364841461e-03 1.913068932481110096e-03 1.113886106759309769e-02 9.312473237514495850e-02 1.381159946322441101e-02 4.807792603969573975e-03 3.730958094820380211e-03 1.334805041551589966e-02
2.731017582118511200e-02 9.411083161830902100e-02 1.560272276401519775e-01 5.234675481915473938e-02 4.699109587818384171e-03 1.581699997186660767e-01 3.378736600279808044e-02 2.098219841718673706e-02 -9.481350183486938477e-01 6.805905140936374664e-03 4.325001314282417297e-02 5.543546751141548157e-02 8.071801625192165375e-03 2.604804374277591705e-02 3.210497274994850159e-02 5.081931501626968384e-02 2.900040335953235626e-02 3.765853820368647575e-03 1.370148211717605591e-01 8.384753949940204620e-03
1.677392795681953430e-02 8.213061839342117310e-03 2.159330248832702637e-02 2.253475133329629898e-03 3.350742161273956299e-03 4.297601059079170227e-03 7.261591032147407532e-03 2.324397675693035126e-03 3.423988353461027145e-03 -1.176359891891479492e+00 2.737510800361633301e-01 1.996825635433197021e-02 8.287233859300613403e-02 4.119541868567466736e-02 4.497931338846683502e-03 2.186823263764381409e-02 8.869042247533798218e-02 3.033606801182031631e-03 1.515632215887308121e-02 5.558342933654785156e-01
3.443211317062377930e-02 2.205022983253002167e-02 5.088213365525007248e-03 4.794960841536521912e-03 7.511652540415525436e-03 3.182329237461090088e-02 8.981206454336643219e-03 5.184157285839319229e-03 1.223107520490884781e-02 1.538820117712020874e-01 -6.923323273658752441e-01 1.616853475570678711e-02 9.417597949504852295e-02 8.131932467222213745e-02 1.896127313375473022e-02 2.416352368891239166e-02 1.987057924270629883e-02 9.572958573698997498e-03 1.402033586055040359e-02 1.281009763479232788e-01
7.881396263837814331e-02 2.359486818313598633e-01 1.182334646582603455e-01 2.730499207973480225e-02 1.354882493615150452e-03 1.429508775472640991e-01 1.506096720695495605e-01 3.125668317079544067e-02 2.181695401668548584e-02 1.562068797647953033e-02 2.250083722174167633e-02 -1.073598861694335938e+00 1.811131462454795837e-02 3.421386005356907845e-03 2.542643062770366669e-02 6.679393351078033447e-02 8.476694673299789429e-02 2.007934264838695526e-03 4.670721478760242462e-03 2.198839746415615082e-02
7.746193557977676392e-02 3.009372763335704803e-02 7.962757721543312073e-03 6.069641094654798508e-03 7.627245504409074783e-03 5.767174065113067627e-02 1.824550516903400421e-02 1.497686188668012619e-02 1.010181475430727005e-02 2.061542123556137085e-01 4.167644679546356201e-01 5.759337544441223145e-02 -1.259138107299804688e+00 4.540079832077026367e-02 7.995516061782836914e-03 3.465413674712181091e-02 9.295316785573959351e-02 7.474130485206842422e-03 1.545971073210239410e-02 1.444773823022842407e-01
1.857757195830345154e-02 4.483762197196483612e-03 3.703939728438854218e-03 2.756919711828231812e-03 7.720670662820339203e-03 3.818662837147712708e-03 4.768447950482368469e-03 4.151837434619665146e-03 1.653867028653621674e-02 5.199098587036132812e-02 1.825748234987258911e-01 5.519772879779338837e-03 2.303350530564785004e-02 -6.815555691719055176e-01 7.473541423678398132e-03 3.768450766801834106e-02 1.025346294045448303e-02 2.193673513829708099e-02 2.286728918552398682e-01 4.589485004544258118e-02
1.250988990068435669e-01 3.004930913448333740e-02 7.886872626841068268e-03 2.402686700224876404e-02 2.052862895652651787e-03 3.412172570824623108e-02 3.939891979098320007e-02 2.033496089279651642e-02 1.714710332453250885e-02 4.775125999003648758e-03 3.581026569008827209e-02 3.450622037053108215e-02 3.412211546674370766e-03 6.286650896072387695e-03 -5.785406827926635742e-01 1.126423180103302002e-01 4.869786277413368225e-02 2.008528215810656548e-03 7.653473876416683197e-03 2.263051085174083710e-02
2.919603586196899414e-01 5.383274704217910767e-02 1.561360657215118408e-01 6.090229749679565430e-02 2.710135094821453094e-02 3.771141543984413147e-02 4.074354097247123718e-02 1.117832437157630920e-01 1.784663461148738861e-02 1.526493020355701447e-02 3.000609204173088074e-02 5.960163101553916931e-02 9.724194183945655823e-03 2.084322087466716766e-02 7.406460493803024292e-02 -1.326312303543090820e+00 2.670876681804656982e-01 7.628023624420166016e-03 2.760908938944339752e-02 1.646507158875465393e-02
1.835987865924835205e-01 2.447388321161270142e-02 7.933923602104187012e-02 2.130129374563694000e-02 9.877859614789485931e-03 3.124849312007427216e-02 4.807188734412193298e-02 1.885810680687427521e-02 1.158441137522459030e-02 7.042068988084793091e-02 2.806739509105682373e-02 8.603796362876892090e-02 2.966915443539619446e-02 6.450821179896593094e-03 3.642180189490318298e-02 3.038059473037719727e-01 -1.099673151969909668e+00 1.602122560143470764e-03 1.022091694176197052e-02 9.862236678600311279e-02
1.001438125967979431e-02 5.156251788139343262e-02 2.876839600503444672e-03 7.415059953927993774e-03 1.387579739093780518e-02 7.994818501174449921e-03 8.866570889949798584e-03 2.777345851063728333e-02 6.364488974213600159e-03 1.019091065973043442e-02 5.720946192741394043e-02 8.622698485851287842e-03 1.009326893836259842e-02 5.839109420776367188e-02 6.355644669383764267e-03 3.671002015471458435e-02 6.778378970921039581e-03 -4.449329972267150879e-01 8.747145533561706543e-02 2.636613510549068451e-02
2.076478488743305206e-02 1.682601496577262878e-02 4.292846843600273132e-02 1.846115663647651672e-02 1.064638514071702957e-02 8.259281516075134277e-03 1.135841105133295059e-02 8.804502896964550018e-03 9.459492564201354980e-02 2.079925313591957092e-02 3.422790765762329102e-02 8.193658664822578430e-03 8.528500795364379883e-03 2.486505657434463501e-01 9.893284179270267487e-03 5.427812784910202026e-02 1.766526699066162109e-02 3.573276102542877197e-02 -6.928467750549316406e-01 2.223353832960128784e-02
1.736901700496673584e-01 1.122909504920244217e-02 7.746885530650615692e-03 8.620231412351131439e-03 1.929265260696411133e-02 1.117013301700353622e-02 3.411363065242767334e-02 1.567325927317142487e-02 2.880365587770938873e-03 3.795388340950012207e-01 1.556078046560287476e-01 1.919307187199592590e-02 3.965776786208152771e-02 2.483108825981616974e-02 1.455570664256811142e-02 1.610621251165866852e-02 8.481306582689285278e-02 5.359245929867029190e-03 1.106281299144029617e-02 -1.035142183303833008e+00
