-1.065470933914184570e+00 2.432674355804920197e-02 1.997104100883007050e-02 4.218941181898117065e-02 1.981332898139953613e-02 3.326912596821784973e-02 9.210722148418426514e-02 1.182082071900367737e-01 7.781609892845153809e-03 9.379550814628601074e-03 3.436512500047683716e-02 5.641762539744377136e-02 1.746838912367820740e-02 8.095715194940567017e-03 6.576194614171981812e-02 2.343716174364089966e-01 1.295484006404876709e-01 1.628250116482377052e-03 8.460417389869689941e-03 1.423071622848510742e-01
4.794987291097640991e-02 -9.287301898002624512e-01 2.491844445466995239e-02 8.459948934614658356e-03 1.027228310704231262e-02 1.113461405038833618e-01 2.540631033480167389e-02 4.839804396033287048e-02 5.205608159303665161e-02 9.028688073158264160e-03 4.306184500455856323e-02 3.319517672061920166e-01 1.331750862300395966e-02 3.983250819146633148e-03 3.116899915039539337e-02 8.530887961387634277e-02 3.387826308608055115e-02 1.684177480638027191e-02 1.354752387851476669e-02 1.783456467092037201e-02
4.426479339599609375e-02 2.802045829594135284e-02 -1.387665390968322754e+00 3.104749619960784912e-01 5.175025667995214462e-03 5.666242539882659912e-02 5.530234426259994507e-02 9.403934329748153687e-02 9.726449847221374512e-02 2.671296149492263794e-02 1.126502174884080887e-02 1.869803369045257568e-01 3.923987038433551788e-03 3.663652809336781502e-03 9.112499654293060303e-03 2.770975828170776367e-01 1.240646690130233765e-01 9.983927011489868164e-04 3.853616490960121155e-02 1.410627830773591995e-02
6.404203921556472778e-02 6.515172775834798813e-03 2.126329243183135986e-01 -9.427623748779296875e-01 5.744062364101409912e-04 2.265019901096820831e-02 3.586035966873168945e-01 7.167702913284301758e-02 2.272786386311054230e-02 1.891201594844460487e-03 7.283164653927087784e-03 2.965080365538597107e-02 2.033747034147381783e-03 1.828395295888185501e-03 1.933825761079788208e-02 7.435882091522216797e-02 2.271714061498641968e-02 1.866899197921156883e-03 1.149566005915403366e-02 1.087509095668792725e-02
8.915784209966659546e-02 2.345122583210468292e-02 1.050647068768739700e-02 1.702783862128853798e-03 -4.660344719886779785e-01 3.709696466103196144e-03 1.392328878864645958e-03 2.575690671801567078e-02 5.982696078717708588e-03 8.297093212604522705e-03 3.347854688763618469e-02 4.371775314211845398e-03 7.828181609511375427e-03 1.525096595287322998e-02 4.937009885907173157e-03 9.793943166732788086e-02 3.149678558111190796e-02 1.033136155456304550e-02 1.934187300503253937e-02 7.110154628753662109e-02
7.869000732898712158e-02 1.336133480072021484e-01 6.046660244464874268e-02 3.529299423098564148e-02 1.949909492395818233e-03 -1.316868782043457031e+00 3.185763955116271973e-01 2.759524621069431305e-02 1.052204146981239319e-01 5.731021054089069366e-03 7.478227466344833374e-02 2.421384602785110474e-01 3.022740408778190613e-02 3.892358159646391869e-03 4.244633764028549194e-02 7.155573368072509766e-02 5.219585448503494263e-02 3.110287943854928017e-03 8.022823370993137360e-03 2.136115916073322296e-02
1.374165117740631104e-01 1.923017948865890503e-02 3.722468763589859009e-02 3.524505794048309326e-01 4.616204241756349802e-04 2.009466141462326050e-01 -1.178961515426635742e+00 4.734199121594429016e-02 1.406649872660636902e-02 6.093591917306184769e-03 1.321062352508306503e-02 1.606025099754333496e-01 6.123163271695375443e-03 3.130269469693303108e-03 3.078664466738700867e-02 4.897710308432579041e-02 5.023953318595886230e-02 2.231998601928353310e-03 6.881679873913526535e-03 4.154573753476142883e-02
1.231641992926597595e-01 2.558357082307338715e-02 4.420675709843635559e-02 4.919886961579322815e-02 5.963874049484729767e-03 1.215606275945901871e-02 3.306268528103828430e-02 -4.749179780483245850e-01 6.124783307313919067e-03 1.442164299078285694e-03 5.305127240717411041e-03 2.317031100392341614e-02 3.488066140562295914e-03 1.908114645630121231e-03 1.109175663441419601e-02 9.340352565050125122e-02 1.381297223269939423e-02 4.857052117586135864e-03 3.677917877212166786e-03 1.330017950385808945e-02
2.758021280169487000e-02 9.360436350107192993e-02 1.555337756872177124e-01 5.306706950068473816e-02 4.712191876024007797e-03 1.576703339815139771e-01 3.341711312532424927e-02 2.083444595336914062e-02 -9.464715719223022461e-01 6.811351515352725983e-03 4.308157041668891907e-02 5.521841347217559814e-02 7.910918444395065308e-03 2.580040693283081055e-02 3.209554776549339294e-02 5.108406394720077515e-02 2.895365469157695770e-02 3.787078196182847023e-03 1.369434744119644165e-01 8.365651592612266541e-03
1.674211770296096802e-02 8.176161907613277435e-03 2.151258476078510284e-02 2.223844639956951141e-03 3.291184315457940102e-03 4.324960988014936447e-03 7.290485780686140060e-03 2.470621606335043907e-03 3.430310869589447975e-03 -1.174771785736083984e+00 2.731809318065643311e-01 1.994513534009456635e-02 8.302049338817596436e-02 4.076554998755455017e-02 4.526142496615648270e-03 2.207517623901367188e-02 8.891482651233673096e-02 2.979203592985868454e-03 1.493800245225429535e-02 5.549640059471130371e-01
3.457852080464363098e-02 2.198252640664577484e-02 5.114023573696613312e-03 4.827773664146661758e-03 7.486053742468357086e-03 3.181331604719161987e-02 8.909770287573337555e-03 5.123272072523832321e-03 1.223071478307247162e-02 1.539963781833648682e-01 -6.922957897186279297e-01 1.617030799388885498e-02 9.452610462903976440e-02 8.134135603904724121e-02 1.901909708976745605e-02 2.399355173110961914e-02 1.987211965024471283e-02 9.584364481270313263e-03 1.406958047300577164e-02 1.276569366455078125e-01
7.883923500776290894e-02 2.353417873382568359e-01 1.178869456052780151e-01 2.729621157050132751e-02 1.357635832391679287e-03 1.430583447217941284e-01 1.504300534725189209e-01 3.107581846415996552e-02 2.177125029265880585e-02 1.561479177325963974e-02 2.245729416608810425e-02 -1.072953224182128906e+00 1.827959343791007996e-02 3.455345053225755692e-03 2.558945864439010620e-02 6.720121949911117554e-02 8.475878089666366577e-02 1.987528288736939430e-03 4.660973325371742249e-03 2.189091406762599945e-02
7.769325375556945801e-02 3.005037829279899597e-02 7.874087430536746979e-03 5.958893802016973495e-03 7.737296633422374725e-03 5.683986842632293701e-02 1.825412362813949585e-02 1.488943677395582199e-02 9.927255101501941681e-03 2.068651765584945679e-01 4.178242981433868408e-01 5.817941948771476746e-02 -1.261907935142517090e+00 4.569717496633529663e-02 7.818164303898811340e-03 3.446088731288909912e-02 9.372010082006454468e-02 7.505582645535469055e-03 1.539861038327217102e-02 1.452139168977737427e-01
1.827818155288696289e-02 4.562595393508672714e-03 3.731937380507588387e-03 2.719481941312551498e-03 7.651966530829668045e-03 3.715458558872342110e-03 4.737118724733591080e-03 4.134713206440210342e-03 1.643524505198001862e-02 5.156354233622550964e-02 1.825159192085266113e-01 5.582665558904409409e-03 2.319726161658763885e-02 -6.812980771064758301e-01 7.500729523599147797e-03 3.803098946809768677e-02 1.024136412888765335e-02 2.191733941435813904e-02 2.286919057369232178e-01 4.608967900276184082e-02
1.247365474700927734e-01 2.999427914619445801e-02 7.798279169946908951e-03 2.416432835161685944e-02 2.081042621284723282e-03 3.403933718800544739e-02 3.914138302206993103e-02 2.019214816391468048e-02 1.717653870582580566e-02 4.809709731489419937e-03 3.585258498787879944e-02 3.473382070660591125e-02 3.334213746711611748e-03 6.301512010395526886e-03 -5.774062871932983398e-01 1.125433593988418579e-01 4.857800528407096863e-02 1.994323451071977615e-03 7.593421731144189835e-03 2.234142459928989410e-02
2.922678291797637939e-01 5.397177487611770630e-02 1.559017300605773926e-01 6.108671799302101135e-02 2.714135125279426575e-02 3.772612661123275757e-02 4.093773290514945984e-02 1.117898523807525635e-01 1.797352544963359833e-02 1.542239543050527573e-02 2.973596565425395966e-02 5.996882915496826172e-02 9.662111289799213409e-03 2.100563608109951019e-02 7.399064302444458008e-02 -1.327587246894836426e+00 2.671813070774078369e-01 7.569074630737304688e-03 2.774492651224136353e-02 1.650974527001380920e-02
1.839730441570281982e-01 2.440842613577842712e-02 7.948999851942062378e-02 2.125270105898380280e-02 9.939997456967830658e-03 3.133862838149070740e-02 4.782142117619514465e-02 1.882662251591682434e-02 1.160105224698781967e-02 7.074047625064849854e-02 2.804645150899887085e-02 8.613493293523788452e-02 2.992433123290538788e-02 6.441724020987749100e-03 3.636995702981948853e-02 3.042651712894439697e-01 -1.100981473922729492e+00 1.603456214070320129e-03 1.025589089840650558e-02 9.854732453823089600e-02
9.811518713831901550e-03 5.148723348975181580e-02 2.714305883273482323e-03 7.410957943648099899e-03 1.383472885936498642e-02 7.923874072730541229e-03 9.014959447085857391e-03 2.808995731174945831e-02 6.438598036766052246e-03 1.005742885172367096e-02 5.739711597561836243e-02 8.570396341383457184e-03 1.016878616064786911e-02 5.849587172269821167e-02 6.335658021271228790e-03 3.657479584217071533e-02 6.803777534514665604e-03 -4.451159834861755371e-01 8.772989362478256226e-02 2.625614218413829803e-02
2.079197950661182404e-02 1.689120009541511536e-02 4.272821918129920959e-02 1.861128211021423340e-02 1.056332048028707504e-02 8.335911668837070465e-03 1.133582834154367447e-02 8.674994111061096191e-03 9.495488554239273071e-02 2.056687138974666595e-02 3.436345234513282776e-02 8.196965791285037994e-03 8.508542552590370178e-03 2.489299029111862183e-01 9.838355705142021179e-03 5.467787757515907288e-02 1.774824038147926331e-02 3.577968478202819824e-02 -6.940453052520751953e-01 2.254780568182468414e-02
1.739740222692489624e-01 1.106156781315803528e-02 7.780586834996938705e-03 8.758482523262500763e-03 1.931677386164665222e-02 1.104089431464672089e-02 3.404386714100837708e-02 1.560552325099706650e-02 2.885554218664765358e-03 3.800967335700988770e-01 1.551006585359573364e-01 1.915111206471920013e-02 3.991493955254554749e-02 2.495649270713329315e-02 1.439956948161125183e-02 1.618534699082374573e-02 8.483603596687316895e-02 5.326886195689439774e-03 1.121651288121938705e-02 -1.035651564598083496e+00
