-9.496018886566162109e-01 2.773785963654518127e-02 2.977540343999862671e-02 4.454687237739562988e-02 1.760965399444103241e-02 3.462698683142662048e-02 7.756456732749938965e-02 9.769441932439804077e-02 1.046620309352874756e-02 2.207689546048641205e-02 3.702178969979286194e-02 5.525098741054534912e-02 1.703371666371822357e-02 1.006635650992393494e-02 5.666363239288330078e-02 1.782845854759216309e-01 1.119337826967239380e-01 2.532844897359609604e-03 1.043923199176788330e-02 1.082760691642761230e-01
5.231338366866111755e-02 -8.467589020729064941e-01 3.226153925061225891e-02 1.700126565992832184e-02 9.734502993524074554e-03 9.266775101423263550e-02 3.799428790807723999e-02 4.506408050656318665e-02 4.526006057858467102e-02 1.279055792838335037e-02 4.015230387449264526e-02 2.476577609777450562e-01 1.373030804097652435e-02 6.308842450380325317e-03 2.958334423601627350e-02 7.427697628736495972e-02 4.017490521073341370e-02 1.407738123089075089e-02 1.396427862346172333e-02 2.174543403089046478e-02
5.922207981348037720e-02 3.402288630604743958e-02 -1.131866455078125000e+00 2.116846293210983276e-01 6.019071675837039948e-03 5.205520614981651306e-02 6.699370592832565308e-02 7.659330219030380249e-02 7.218136638402938843e-02 2.281625755131244659e-02 1.633699424564838409e-02 1.360104382038116455e-01 6.615043152123689651e-03 7.192180491983890533e-03 1.546831056475639343e-02 1.935410946607589722e-01 1.013839691877365112e-01 2.073662588372826576e-03 3.220600262284278870e-02 1.945021189749240875e-02
6.768606603145599365e-02 1.369693409651517868e-02 1.617131531238555908e-01 -8.680038452148437500e-01 1.869138213805854321e-03 3.591255843639373779e-02 2.630372047424316406e-01 6.703355163335800171e-02 2.419647015631198883e-02 6.328121758997440338e-03 1.098656188696622849e-02 4.658015072345733643e-02 3.791912458837032318e-03 3.810161259025335312e-03 2.139409258961677551e-02 7.531005889177322388e-02 3.391324728727340698e-02 2.114496193826198578e-03 1.272960472851991653e-02 1.590034738183021545e-02
8.079764991998672485e-02 2.368218824267387390e-02 1.388517674058675766e-02 5.644263699650764465e-03 -4.775831401348114014e-01 6.634094286710023880e-03 6.413428112864494324e-03 2.766393870115280151e-02 7.132669445127248764e-03 1.519988197833299637e-02 3.373593091964721680e-02 1.022282708436250687e-02 8.534501306712627411e-03 1.653305068612098694e-02 8.118854835629463196e-03 8.574173599481582642e-02 3.548315539956092834e-02 9.778482839465141296e-03 1.914341188967227936e-02 6.323794275522232056e-02
7.363521307706832886e-02 1.044863536953926086e-01 5.565561726689338684e-02 5.026146769523620605e-02 3.074712585657835007e-03 -1.091533184051513672e+00 2.188579738140106201e-01 3.050918877124786377e-02 7.804617285728454590e-02 1.170024648308753967e-02 5.881407484412193298e-02 1.802103370428085327e-01 2.480063028633594513e-02 6.231107283383607864e-03 3.679165989160537720e-02 6.732460111379623413e-02 5.125588923692703247e-02 3.463824279606342316e-03 1.126349065452814102e-02 2.515062317252159119e-02
1.111770868301391602e-01 2.887555584311485291e-02 4.827918112277984619e-02 2.481344789266586304e-01 2.003522589802742004e-03 1.475174576044082642e-01 -1.007012367248535156e+00 4.718505963683128357e-02 1.890002004802227020e-02 1.096583809703588486e-02 1.849454641342163086e-02 1.270853877067565918e-01 8.312349207699298859e-03 4.812228493392467499e-03 3.031208366155624390e-02 5.583797395229339600e-02 5.043744295835494995e-02 2.675728173926472664e-03 8.602017536759376526e-03 3.740438073873519897e-02
1.095778197050094604e-01 2.680053934454917908e-02 4.319343343377113342e-02 4.948381334543228149e-02 6.762682460248470306e-03 1.609210111200809479e-02 3.692372143268585205e-02 -5.006805062294006348e-01 8.565017953515052795e-03 4.548745229840278625e-03 9.017653763294219971e-03 2.875322289764881134e-02 4.617352969944477081e-03 3.541246289387345314e-03 1.461306400597095490e-02 8.617711067199707031e-02 2.432772517204284668e-02 4.842791240662336349e-03 5.488379392772912979e-03 1.735408604145050049e-02
3.414219245314598083e-02 7.828481495380401611e-02 1.183862835168838501e-01 5.194841325283050537e-02 5.071150604635477066e-03 1.197245046496391296e-01 4.301427677273750305e-02 2.491022273898124695e-02 -8.620536327362060547e-01 1.020178664475679398e-02 3.941531479358673096e-02 6.138940528035163879e-02 9.131687693297863007e-03 2.743320539593696594e-02 2.885112352669239044e-02 5.336886644363403320e-02 3.279353305697441101e-02 4.726728890091180801e-03 1.058302745223045349e-01 1.342985685914754868e-02
3.694754838943481445e-02 1.135003566741943359e-02 1.919844374060630798e-02 6.970122456550598145e-03 5.544213112443685532e-03 9.208137169480323792e-03 1.280375942587852478e-02 6.787132937461137772e-03 5.233854055404663086e-03 -9.596395492553710938e-01 2.109561711549758911e-01 2.181367762386798859e-02 6.679514050483703613e-02 3.772936761379241943e-02 7.963062264025211334e-03 2.727230452001094818e-02 7.447320222854614258e-02 3.820460988208651543e-03 1.575587876141071320e-02 3.790169656276702881e-01
3.948190808296203613e-02 2.270446531474590302e-02 8.759651333093643188e-03 7.711173966526985168e-03 7.841252721846103668e-03 2.949518524110317230e-02 1.376044377684593201e-02 8.573957718908786774e-03 1.288556400686502457e-02 1.344266235828399658e-01 -6.837765574455261230e-01 2.128744684159755707e-02 8.023019880056381226e-02 7.189482450485229492e-02 1.890394277870655060e-02 2.752471715211868286e-02 2.753193862736225128e-02 9.417722932994365692e-03 1.805759593844413757e-02 1.232880130410194397e-01
7.498009502887725830e-02 1.782042384147644043e-01 9.280090779066085815e-02 4.160301759839057922e-02 3.023632569238543510e-03 1.150044873356819153e-01 1.203232705593109131e-01 3.478880971670150757e-02 2.553860098123550415e-02 1.768834516406059265e-02 2.708874270319938660e-02 -9.612748026847839355e-01 1.700501702725887299e-02 5.313161760568618774e-03 2.631335519254207611e-02 6.965021789073944092e-02 7.432806491851806641e-02 3.024742240086197853e-03 7.899344898760318756e-03 2.669675089418888092e-02
6.580934673547744751e-02 2.812668494880199432e-02 1.284945849329233170e-02 9.641718119382858276e-03 7.186349947005510330e-03 4.505780711770057678e-02 2.240526117384433746e-02 1.590443775057792664e-02 1.081501040607690811e-02 1.541968137025833130e-01 2.906533479690551758e-01 4.841157793998718262e-02 -1.019986152648925781e+00 3.962212428450584412e-02 1.103067025542259216e-02 3.681296110153198242e-02 7.343231141567230225e-02 6.917131599038839340e-03 1.573131233453750610e-02 1.253817528486251831e-01
2.270970679819583893e-02 7.546560838818550110e-03 8.157814852893352509e-03 5.657187197357416153e-03 8.129133842885494232e-03 6.610489450395107269e-03 7.574144285172224045e-03 7.122664246708154678e-03 1.897201873362064362e-02 5.085939168930053711e-02 1.520884186029434204e-01 8.832554332911968231e-03 2.313656173646450043e-02 -6.421760320663452148e-01 8.978310972452163696e-03 3.528660908341407776e-02 1.511252298951148987e-02 2.038286067545413971e-02 1.862291395664215088e-01 4.878987744450569153e-02
1.092683300375938416e-01 3.024804405868053436e-02 1.499708462506532669e-02 2.715199813246726990e-02 3.412218298763036728e-03 3.336325660347938538e-02 4.078062251210212708e-02 2.512339316308498383e-02 1.705494709312915802e-02 9.175345301628112793e-03 3.418232873082160950e-02 3.739041090011596680e-02 5.505714565515518188e-03 7.674416061490774155e-03 -5.824881196022033691e-01 9.863445162773132324e-02 5.073155835270881653e-02 2.444044686853885651e-03 9.163246490061283112e-03 2.618670277297496796e-02
2.112362235784530640e-01 4.666260629892349243e-02 1.152927055954933167e-01 5.872535333037376404e-02 2.214108966290950775e-02 3.751091286540031433e-02 4.615644738078117371e-02 9.103190898895263672e-02 1.938386261463165283e-02 1.930762641131877899e-02 3.057995438575744629e-02 6.080945953726768494e-02 1.128956675529479980e-02 1.853213086724281311e-02 6.060288846492767334e-02 -1.102340340614318848e+00 1.928685307502746582e-01 6.677120458334684372e-03 2.435150742530822754e-02 2.918051183223724365e-02
1.520056277513504028e-01 2.892767265439033508e-02 6.922163069248199463e-02 3.030999563634395599e-02 1.050201989710330963e-02 3.273192048072814941e-02 4.778588935732841492e-02 2.945419028401374817e-02 1.365162804722785950e-02 6.042977049946784973e-02 3.505860641598701477e-02 7.437815517187118530e-02 2.581116184592247009e-02 9.096959605813026428e-03 3.572619706392288208e-02 2.210574895143508911e-01 -9.745423793792724609e-01 2.518462948501110077e-03 1.203064806759357452e-02 8.384443074464797974e-02
1.546861883252859116e-02 4.558531567454338074e-02 6.367296911776065826e-03 8.499001152813434601e-03 1.301567070186138153e-02 9.947821497917175293e-03 1.140074059367179871e-02 2.636852301657199860e-02 8.849146775901317596e-03 1.394155342131853104e-02 5.393220856785774231e-02 1.361210923641920090e-02 1.093429699540138245e-02 5.517837405204772949e-02 7.740378379821777344e-03 3.441736102104187012e-02 1.132609136402606964e-02 -4.521752893924713135e-01 7.910472154617309570e-02 2.648601867258548737e-02
2.541613206267356873e-02 1.802683807909488678e-02 3.942319378256797791e-02 2.039735391736030579e-02 1.015809737145900726e-02 1.289564650505781174e-02 1.461131591349840164e-02 1.191330142319202423e-02 7.898572087287902832e-02 2.292112447321414948e-02 4.122494906187057495e-02 1.417183317244052887e-02 9.913518093526363373e-03 2.009783834218978882e-01 1.156912092119455338e-02 5.003940686583518982e-02 2.156907133758068085e-02 3.153554350137710571e-02 -6.616280674934387207e-01 2.587749063968658447e-02
1.325673311948776245e-01 1.411667000502347946e-02 1.197298523038625717e-02 1.281234528869390488e-02 1.687461696565151215e-02 1.448044832795858383e-02 3.195028007030487061e-02 1.894317939877510071e-02 5.040494725108146667e-03 2.772777974605560303e-01 1.415416300296783447e-01 2.408554591238498688e-02 3.973381966352462769e-02 2.647857181727886200e-02 1.662627421319484711e-02 3.015382029116153717e-02 7.559268176555633545e-02 5.309795495122671127e-03 1.301323622465133667e-02 -9.085714817047119141e-01
