	A	R	N	D	C	Q	E	G	H	I	L	K	M	F	P	S	T	W	Y	V	*
A	-1.0	0.05263157894736842	0.05263157894736842	0.05263157894736842	0.05263157894736842	0.05263157894736842	0.05263157894736842	0.05263157894736842	0.05263157894736842	0.05263157894736842	0.05263157894736842	0.05263157894736842	0.05263157894736842	0.05263157894736842	0.05263157894736842	0.05263157894736842	0.05263157894736842	0.05263157894736842	0.05263157894736842	0.05263157894736842	0.05
R	0.05263157894736842	-1.0	0.05263157894736842	0.05263157894736842	0.05263157894736842	0.05263157894736842	0.05263157894736842	0.05263157894736842	0.05263157894736842	0.05263157894736842	0.05263157894736842	0.05263157894736842	0.05263157894736842	0.05263157894736842	0.05263157894736842	0.05263157894736842	0.05263157894736842	0.05263157894736842	0.05263157894736842	0.05263157894736842	0.05
N	0.05263157894736842	0.05263157894736842	-1.0	0.05263157894736842	0.05263157894736842	0.05263157894736842	0.05263157894736842	0.05263157894736842	0.05263157894736842	0.05263157894736842	0.05263157894736842	0.05263157894736842	0.05263157894736842	0.05263157894736842	0.05263157894736842	0.05263157894736842	0.05263157894736842	0.05263157894736842	0.05263157894736842	0.05263157894736842	0.05
D	0.05263157894736842	0.05263157894736842	0.05263157894736842	-1.0	0.05263157894736842	0.05263157894736842	0.05263157894736842	0.05263157894736842	0.05263157894736842	0.05263157894736842	0.05263157894736842	0.05263157894736842	0.05263157894736842	0.05263157894736842	0.05263157894736842	0.05263157894736842	0.05263157894736842	0.05263157894736842	0.05263157894736842	0.05263157894736842	0.05
C	0.05263157894736842	0.05263157894736842	0.05263157894736842	0.05263157894736842	-1.0	0.05263157894736842	0.05263157894736842	0.05263157894736842	0.05263157894736842	0.05263157894736842	0.05263157894736842	0.05263157894736842	0.05263157894736842	0.05263157894736842	0.05263157894736842	0.05263157894736842	0.05263157894736842	0.05263157894736842	0.05263157894736842	0.05263157894736842	0.05
Q	0.05263157894736842	0.05263157894736842	0.05263157894736842	0.05263157894736842	0.05263157894736842	-1.0	0.05263157894736842	0.05263157894736842	0.05263157894736842	0.05263157894736842	0.05263157894736842	0.05263157894736842	0.05263157894736842	0.05263157894736842	0.05263157894736842	0.05263157894736842	0.05263157894736842	0.05263157894736842	0.05263157894736842	0.05263157894736842	0.05
E	0.05263157894736842	0.05263157894736842	0.05263157894736842	0.05263157894736842	0.05263157894736842	0.05263157894736842	-1.0	0.05263157894736842	0.05263157894736842	0.05263157894736842	0.05263157894736842	0.05263157894736842	0.05263157894736842	0.05263157894736842	0.05263157894736842	0.05263157894736842	0.05263157894736842	0.05263157894736842	0.05263157894736842	0.05263157894736842	0.05
G	0.05263157894736842	0.05263157894736842	0.05263157894736842	0.05263157894736842	0.05263157894736842	0.05263157894736842	0.05263157894736842	-1.0	0.05263157894736842	0.05263157894736842	0.05263157894736842	0.05263157894736842	0.05263157894736842	0.05263157894736842	0.05263157894736842	0.05263157894736842	0.05263157894736842	0.05263157894736842	0.05263157894736842	0.05263157894736842	0.05
H	0.05263157894736842	0.05263157894736842	0.05263157894736842	0.05263157894736842	0.05263157894736842	0.05263157894736842	0.05263157894736842	0.05263157894736842	-1.0	0.05263157894736842	0.05263157894736842	0.05263157894736842	0.05263157894736842	0.05263157894736842	0.05263157894736842	0.05263157894736842	0.05263157894736842	0.05263157894736842	0.05263157894736842	0.05263157894736842	0.05
I	0.05263157894736842	0.05263157894736842	0.05263157894736842	0.05263157894736842	0.05263157894736842	0.05263157894736842	0.05263157894736842	0.05263157894736842	0.05263157894736842	-1.0	0.05263157894736842	0.05263157894736842	0.05263157894736842	0.05263157894736842	0.05263157894736842	0.05263157894736842	0.05263157894736842	0.05263157894736842	0.05263157894736842	0.05263157894736842	0.05
L	0.05263157894736842	0.05263157894736842	0.05263157894736842	0.05263157894736842	0.05263157894736842	0.05263157894736842	0.05263157894736842	0.05263157894736842	0.05263157894736842	0.05263157894736842	-1.0	0.05263157894736842	0.05263157894736842	0.05263157894736842	0.05263157894736842	0.05263157894736842	0.05263157894736842	0.05263157894736842	0.05263157894736842	0.05263157894736842	0.05
K	0.05263157894736842	0.05263157894736842	0.05263157894736842	0.05263157894736842	0.05263157894736842	0.05263157894736842	0.05263157894736842	0.05263157894736842	0.05263157894736842	0.05263157894736842	0.05263157894736842	-1.0	0.05263157894736842	0.05263157894736842	0.05263157894736842	0.05263157894736842	0.05263157894736842	0.05263157894736842	0.05263157894736842	0.05263157894736842	0.05
M	0.05263157894736842	0.05263157894736842	0.05263157894736842	0.05263157894736842	0.05263157894736842	0.05263157894736842	0.05263157894736842	0.05263157894736842	0.05263157894736842	0.05263157894736842	0.05263157894736842	0.05263157894736842	-1.0	0.05263157894736842	0.05263157894736842	0.05263157894736842	0.05263157894736842	0.05263157894736842	0.05263157894736842	0.05263157894736842	0.05
F	0.05263157894736842	0.05263157894736842	0.05263157894736842	0.05263157894736842	0.05263157894736842	0.05263157894736842	0.05263157894736842	0.05263157894736842	0.05263157894736842	0.05263157894736842	0.05263157894736842	0.05263157894736842	0.05263157894736842	-1.0	0.05263157894736842	0.05263157894736842	0.05263157894736842	0.05263157894736842	0.05263157894736842	0.05263157894736842	0.05
P	0.05263157894736842	0.05263157894736842	0.05263157894736842	0.05263157894736842	0.05263157894736842	0.05263157894736842	0.05263157894736842	0.05263157894736842	0.05263157894736842	0.05263157894736842	0.05263157894736842	0.05263157894736842	0.05263157894736842	0.05263157894736842	-1.0	0.05263157894736842	0.05263157894736842	0.05263157894736842	0.05263157894736842	0.05263157894736842	0.05
S	0.05263157894736842	0.05263157894736842	0.05263157894736842	0.05263157894736842	0.05263157894736842	0.05263157894736842	0.05263157894736842	0.05263157894736842	0.05263157894736842	0.05263157894736842	0.05263157894736842	0.05263157894736842	0.05263157894736842	0.05263157894736842	0.05263157894736842	-1.0	0.05263157894736842	0.05263157894736842	0.05263157894736842	0.05263157894736842	0.05
T	0.05263157894736842	0.05263157894736842	0.05263157894736842	0.05263157894736842	0.05263157894736842	0.05263157894736842	0.05263157894736842	0.05263157894736842	0.05263157894736842	0.05263157894736842	0.05263157894736842	0.05263157894736842	0.05263157894736842	0.05263157894736842	0.05263157894736842	0.05263157894736842	-1.0	0.05263157894736842	0.05263157894736842	0.05263157894736842	0.05
W	0.05263157894736842	0.05263157894736842	0.05263157894736842	0.05263157894736842	0.05263157894736842	0.05263157894736842	0.05263157894736842	0.05263157894736842	0.05263157894736842	0.05263157894736842	0.05263157894736842	0.05263157894736842	0.05263157894736842	0.05263157894736842	0.05263157894736842	0.05263157894736842	0.05263157894736842	-1.0	0.05263157894736842	0.05263157894736842	0.05
Y	0.05263157894736842	0.05263157894736842	0.05263157894736842	0.05263157894736842	0.05263157894736842	0.05263157894736842	0.05263157894736842	0.05263157894736842	0.05263157894736842	0.05263157894736842	0.05263157894736842	0.05263157894736842	0.05263157894736842	0.05263157894736842	0.05263157894736842	0.05263157894736842	0.05263157894736842	0.05263157894736842	-1.0	0.05263157894736842	0.05
V	0.05263157894736842	0.05263157894736842	0.05263157894736842	0.05263157894736842	0.05263157894736842	0.05263157894736842	0.05263157894736842	0.05263157894736842	0.05263157894736842	0.05263157894736842	0.05263157894736842	0.05263157894736842	0.05263157894736842	0.05263157894736842	0.05263157894736842	0.05263157894736842	0.05263157894736842	0.05263157894736842	0.05263157894736842	-1.0	0.05
