-1.066480755805969238e+00 2.438018284738063812e-02 2.003550529479980469e-02 4.228477180004119873e-02 1.923279091715812683e-02 3.325411677360534668e-02 9.090562909841537476e-02 1.193582937121391296e-01 7.644426077604293823e-03 9.003333747386932373e-03 3.450347110629081726e-02 5.665293335914611816e-02 1.734215207397937775e-02 8.567227050662040710e-03 6.665105372667312622e-02 2.343091815710067749e-01 1.303206682205200195e-01 1.736306236125528812e-03 8.199984207749366760e-03 1.420986950397491455e-01
4.785815253853797913e-02 -9.258337616920471191e-01 2.415844984352588654e-02 8.858113549649715424e-03 1.045137271285057068e-02 1.095096096396446228e-01 2.557952143251895905e-02 4.863688722252845764e-02 5.195937678217887878e-02 8.503210730850696564e-03 4.201744869351387024e-02 3.339778184890747070e-01 1.325581129640340805e-02 3.735230071470141411e-03 3.192516788840293884e-02 8.427549153566360474e-02 3.338136151432991028e-02 1.620553433895111084e-02 1.400289684534072876e-02 1.754226908087730408e-02
4.450235888361930847e-02 2.733586542308330536e-02 -1.390888094902038574e+00 3.094888031482696533e-01 5.297219846397638321e-03 5.700041726231575012e-02 5.444921925663948059e-02 9.740766137838363647e-02 9.792992472648620605e-02 2.653128094971179962e-02 1.023449935019016266e-02 1.882101744413375854e-01 3.967735916376113892e-03 3.748344723135232925e-03 9.484892711043357849e-03 2.779246866703033447e-01 1.239922195672988892e-01 1.061644405126571655e-03 3.815348073840141296e-02 1.416758354753255844e-02
6.444464623928070068e-02 6.877412553876638412e-03 2.123562395572662354e-01 -9.424274563789367676e-01 7.170967874117195606e-04 2.246257290244102478e-02 3.567259609699249268e-01 7.205177098512649536e-02 2.154380455613136292e-02 1.890376093797385693e-03 6.992495153099298477e-03 3.112793713808059692e-02 1.961600733920931816e-03 1.947191311046481133e-03 2.016871236264705658e-02 7.376206666231155396e-02 2.278307825326919556e-02 1.788843423128128052e-03 1.146860700100660324e-02 1.135707087814807892e-02
8.901569992303848267e-02 2.464215457439422607e-02 1.103797834366559982e-02 2.177705988287925720e-03 -4.727990627288818359e-01 3.867755411192774773e-03 1.553343143314123154e-03 2.534536458551883698e-02 5.987411364912986755e-03 8.200545795261859894e-03 3.359042480587959290e-02 4.708085209131240845e-03 8.024811744689941406e-03 1.582839153707027435e-02 4.086196422576904297e-03 9.949482977390289307e-02 3.254669159650802612e-02 1.076975651085376740e-02 1.797949895262718201e-02 7.394237071275711060e-02
7.862578332424163818e-02 1.319024562835693359e-01 6.067571043968200684e-02 3.484787419438362122e-02 1.975851599127054214e-03 -1.315986394882202148e+00 3.196445703506469727e-01 2.684367820620536804e-02 1.026076301932334900e-01 5.360560026019811630e-03 7.430727779865264893e-02 2.430324703454971313e-01 3.082533925771713257e-02 4.017723724246025085e-03 4.330139234662055969e-02 7.346480339765548706e-02 5.289471521973609924e-02 3.218315541744232178e-03 7.312660105526447296e-03 2.112757600843906403e-02
1.352524459362030029e-01 1.938776671886444092e-02 3.647230938076972961e-02 3.482461273670196533e-01 4.993413458578288555e-04 2.011416852474212646e-01 -1.171523928642272949e+00 4.713546857237815857e-02 1.409542001783847809e-02 5.986605770885944366e-03 1.316444016993045807e-02 1.600305736064910889e-01 6.489474326372146606e-03 3.058215603232383728e-03 3.186263516545295715e-02 4.875865206122398376e-02 4.907682538032531738e-02 2.305072499439120293e-03 7.060519419610500336e-03 4.150042682886123657e-02
1.239611282944679260e-01 2.573236636817455292e-02 4.554526880383491516e-02 4.909923672676086426e-02 5.687313154339790344e-03 1.179112680256366730e-02 3.290230408310890198e-02 -4.767710566520690918e-01 6.195583380758762360e-03 1.514330506324768066e-03 5.618237890303134918e-03 2.334865927696228027e-02 3.255460644140839577e-03 2.088070148602128029e-03 1.054776087403297424e-02 9.378442913293838501e-02 1.416305080056190491e-02 4.662156105041503906e-03 3.666539909318089485e-03 1.320802699774503708e-02
2.716327831149101257e-02 9.405507892370223999e-02 1.566642820835113525e-01 5.022927001118659973e-02 4.596762824803590775e-03 1.542046070098876953e-01 3.366363048553466797e-02 2.119759470224380493e-02 -9.402161836624145508e-01 6.788555998355150223e-03 4.334013164043426514e-02 5.419169738888740540e-02 7.646045181900262833e-03 2.721587754786014557e-02 3.170085698366165161e-02 4.968576133251190186e-02 2.952894382178783417e-02 3.864741651341319084e-03 1.366672217845916748e-01 7.811872754245996475e-03
1.627196930348873138e-02 7.828898727893829346e-03 2.158798836171627045e-02 2.241723705083131790e-03 3.202249296009540558e-03 4.097578581422567368e-03 7.272153161466121674e-03 2.635266166180372238e-03 3.452843287959694862e-03 -1.185217857360839844e+00 2.756045460700988770e-01 2.038898877799510956e-02 8.338474482297897339e-02 4.317072406411170959e-02 4.563888534903526306e-03 2.261450886726379395e-02 9.041244536638259888e-02 2.956119365990161896e-03 1.446558628231287003e-02 5.590657591819763184e-01
3.498934581875801086e-02 2.170619368553161621e-02 4.672581329941749573e-03 4.652671050280332565e-03 7.359769195318222046e-03 3.187019377946853638e-02 8.972655981779098511e-03 5.485802888870239258e-03 1.236875262111425400e-02 1.546402722597122192e-01 -6.961026787757873535e-01 1.630735769867897034e-02 9.406300634145736694e-02 8.296467363834381104e-02 1.899086683988571167e-02 2.389220520853996277e-02 1.992453448474407196e-02 9.567365050315856934e-03 1.409580279141664505e-02 1.295786499977111816e-01
7.881686091423034668e-02 2.366984188556671143e-01 1.178846061229705811e-01 2.841477468609809875e-02 1.415196456946432590e-03 1.430017799139022827e-01 1.496391743421554565e-01 3.127704933285713196e-02 2.121740207076072693e-02 1.569479703903198242e-02 2.237212844192981720e-02 -1.073800086975097656e+00 1.845084503293037415e-02 3.791129449382424355e-03 2.474096603691577911e-02 6.598080694675445557e-02 8.475024253129959106e-02 2.336169825866818428e-03 4.840428940951824188e-03 2.247744239866733551e-02
7.751414924860000610e-02 3.018319606781005859e-02 7.984319701790809631e-03 5.752884782850742340e-03 7.749763783067464828e-03 5.827283859252929688e-02 1.949544064700603485e-02 1.401062309741973877e-02 9.617838077247142792e-03 2.062185704708099365e-01 4.145947098731994629e-01 5.927853658795356750e-02 -1.263848066329956055e+00 4.564965516328811646e-02 8.447510190308094025e-03 3.334339708089828491e-02 9.316901117563247681e-02 7.102663163095712662e-03 1.632567681372165680e-02 1.491373777389526367e-01
1.910523511469364166e-02 4.243366420269012451e-03 3.763300133869051933e-03 2.849166980013251305e-03 7.626488339155912399e-03 3.789418609812855721e-03 4.583801608532667160e-03 4.483573604375123978e-03 1.708036474883556366e-02 5.326779186725616455e-02 1.824451535940170288e-01 6.076926831156015396e-03 2.277569659054279327e-02 -6.809734106063842773e-01 7.517655380070209503e-03 3.834829106926918030e-02 1.051569357514381409e-02 2.114879153668880463e-02 2.253342568874359131e-01 4.601846635341644287e-02
1.251028329133987427e-01 3.052631206810474396e-02 8.015115745365619659e-03 2.483907714486122131e-02 1.657124375924468040e-03 3.437497466802597046e-02 4.019642621278762817e-02 1.906283572316169739e-02 1.674533449113368988e-02 4.739782307296991348e-03 3.515053167939186096e-02 3.337951749563217163e-02 3.547406289726495743e-03 6.327474955469369888e-03 -5.758966803550720215e-01 1.113106012344360352e-01 4.881975799798965454e-02 2.275997074320912361e-03 7.501271553337574005e-03 2.232427708804607391e-02
2.920976579189300537e-01 5.352061614394187927e-02 1.559851020574569702e-01 6.033495441079139709e-02 2.679877914488315582e-02 3.873455151915550232e-02 4.085414484143257141e-02 1.125736162066459656e-01 1.743144728243350983e-02 1.559873018413782120e-02 2.937122248113155365e-02 5.912343785166740417e-02 9.299738332629203796e-03 2.143742889165878296e-02 7.392906397581100464e-02 -1.324477910995483398e+00 2.660473585128784180e-01 7.471026387065649033e-03 2.731470204889774323e-02 1.655448600649833679e-02
1.854977309703826904e-01 2.420529350638389587e-02 7.945787906646728516e-02 2.127819880843162537e-02 1.000939588993787766e-02 3.184329345822334290e-02 4.695127531886100769e-02 1.941105909645557404e-02 1.182866934686899185e-02 7.120603322982788086e-02 2.796665206551551819e-02 8.671005815267562866e-02 2.967008948326110840e-02 6.711986381560564041e-03 3.702207654714584351e-02 3.037704229354858398e-01 -1.105025887489318848e+00 1.634662039577960968e-03 9.685473516583442688e-03 1.001656800508499146e-01
1.049666479229927063e-02 4.990791156888008118e-02 2.889490686357021332e-03 7.095687557011842728e-03 1.406716462224721909e-02 8.228752762079238892e-03 9.366022422909736633e-03 2.713806554675102234e-02 6.575187668204307556e-03 9.888039901852607727e-03 5.703538283705711365e-02 1.015155669301748276e-02 9.606569074094295502e-03 5.733217671513557434e-02 7.330549880862236023e-03 3.622984513640403748e-02 6.942688487470149994e-03 -4.428270757198333740e-01 8.798459917306900024e-02 2.456071600317955017e-02
2.030248567461967468e-02 1.766180619597434998e-02 4.252923652529716492e-02 1.863133721053600311e-02 9.618104435503482819e-03 7.657587993890047073e-03 1.174947433173656464e-02 8.740970864892005920e-03 9.522768855094909668e-02 1.981689222157001495e-02 3.441541269421577454e-02 8.614365011453628540e-03 9.043351747095584869e-03 2.501792609691619873e-01 9.894890710711479187e-03 5.424926802515983582e-02 1.684735715389251709e-02 3.603444620966911316e-02 -6.942508220672607422e-01 2.303685247898101807e-02
1.730465590953826904e-01 1.088277623057365417e-02 7.767582777887582779e-03 9.074785746634006500e-03 1.945547945797443390e-02 1.088185515254735947e-02 3.396808356046676636e-02 1.548737753182649612e-02 2.677261363714933395e-03 3.767029643058776855e-01 1.556084901094436646e-01 1.967537403106689453e-02 4.063323885202407837e-02 2.513002417981624603e-02 1.448405534029006958e-02 1.617147959768772125e-02 8.569718152284622192e-02 4.947535227984189987e-03 1.133078057318925858e-02 -1.033622980117797852e+00
