-8.063183426856994629e-01 4.005156829953193665e-02 2.314995788037776947e-02 4.132056236267089844e-02 1.776201464235782623e-02 3.826696798205375671e-02 6.808009743690490723e-02 7.427907735109329224e-02 1.263533532619476318e-02 2.329951897263526917e-02 3.733442351222038269e-02 3.733960166573524475e-02 1.486581470817327499e-02 1.010126434266567230e-02 3.872368112206459045e-02 1.406459212303161621e-01 8.379566669464111328e-02 2.839370397850871086e-03 8.519696071743965149e-03 9.330783784389495850e-02
6.140505149960517883e-02 -7.521817684173583984e-01 3.296498954296112061e-02 2.588636800646781921e-02 8.280189707875251770e-03 8.847604691982269287e-02 5.182545259594917297e-02 3.079852834343910217e-02 4.616799950599670410e-02 1.360881235450506210e-02 3.813331574201583862e-02 1.799513548612594604e-01 1.110805571079254150e-02 7.309036329388618469e-03 1.745796203613281250e-02 5.166441947221755981e-02 4.535447806119918823e-02 6.645675282925367355e-03 1.243977714329957962e-02 2.270421199500560760e-02
4.298070818185806274e-02 3.992011025547981262e-02 -8.079472184181213379e-01 1.389691978693008423e-01 7.141573354601860046e-03 4.819226637482643127e-02 5.229831859469413757e-02 6.145484372973442078e-02 5.536132678389549255e-02 1.364948041737079620e-02 1.638069748878479004e-02 7.910098880529403687e-02 8.280127309262752533e-03 8.634920231997966766e-03 1.192331314086914062e-02 1.200461238622665405e-01 6.874701380729675293e-02 2.091832226142287254e-03 1.784854941070079803e-02 1.492582075297832489e-02
6.486314535140991211e-02 2.650442160665988922e-02 1.174970418214797974e-01 -7.374286055564880371e-01 2.139158314093947411e-03 3.999345377087593079e-02 1.948929280042648315e-01 5.847788974642753601e-02 2.174983173608779907e-02 5.398777779191732407e-03 1.040638983249664307e-02 3.833623602986335754e-02 3.576084738597273827e-03 4.071305971592664719e-03 2.116773091256618500e-02 6.943325698375701904e-02 3.884989395737648010e-02 1.604679739102721214e-03 7.591745350509881973e-03 1.087462343275547028e-02
6.517487019300460815e-02 1.981726288795471191e-02 1.411427184939384460e-02 5.000335164368152618e-03 -4.015972316265106201e-01 7.802580948919057846e-03 4.598659463226795197e-03 1.715493388473987579e-02 1.102230791002511978e-02 1.887864805757999420e-02 3.010781854391098022e-02 6.887818686664104462e-03 9.897907264530658722e-03 1.921918801963329315e-02 3.899348666891455650e-03 6.476054340600967407e-02 3.112100809812545776e-02 4.705886356532573700e-03 2.002879604697227478e-02 4.740505665540695190e-02
7.843599468469619751e-02 1.182857528328895569e-01 5.320413038134574890e-02 5.222139880061149597e-02 4.358546342700719833e-03 -9.570224285125732422e-01 1.528239697217941284e-01 2.925252169370651245e-02 6.554937362670898438e-02 1.553485170006752014e-02 4.921458289027214050e-02 1.284609586000442505e-01 2.173011191189289093e-02 7.820157334208488464e-03 2.156127244234085083e-02 6.296838819980621338e-02 5.374914407730102539e-02 3.599217161536216736e-03 1.286461204290390015e-02 2.538746036589145660e-02
1.121932864189147949e-01 5.570641532540321350e-02 4.642062634229660034e-02 2.046025395393371582e-01 2.065332606434822083e-03 1.228702813386917114e-01 -9.427376389503479004e-01 4.158681258559226990e-02 1.958109810948371887e-02 1.319625601172447205e-02 2.353919111192226410e-02 1.006189733743667603e-01 8.000468835234642029e-03 5.398843437433242798e-03 2.715549804270267487e-02 6.409071385860443115e-02 5.558312311768531799e-02 2.244568895548582077e-03 8.424751460552215576e-03 2.945883385837078094e-02
9.052897989749908447e-02 2.448310516774654388e-02 4.034167155623435974e-02 4.540263488888740540e-02 5.697997286915779114e-03 1.739374548196792603e-02 3.075601719319820404e-02 -4.196582734584808350e-01 9.822911582887172699e-03 4.052425269037485123e-03 8.571430109441280365e-03 2.220367081463336945e-02 3.614854766055941582e-03 4.037633072584867477e-03 1.225875876843929291e-02 6.370576471090316772e-02 2.085318416357040405e-02 2.168939914554357529e-03 4.168853163719177246e-03 9.595685638487339020e-03
3.092052601277828217e-02 7.369136810302734375e-02 7.296981662511825562e-02 3.390660136938095093e-02 7.350970525294542313e-03 7.825955003499984741e-02 2.907705493271350861e-02 1.972328126430511475e-02 -6.269550323486328125e-01 9.827728383243083954e-03 2.835010737180709839e-02 3.506886586546897888e-02 7.457231171429157257e-03 2.613421715795993805e-02 1.181719545274972916e-02 3.989209979772567749e-02 2.599414996802806854e-02 6.287962198257446289e-03 7.563467323780059814e-02 1.459166407585144043e-02
2.832108177244663239e-02 1.078942883759737015e-02 8.936256170272827148e-03 4.180483985692262650e-03 6.253825966268777847e-03 9.212523698806762695e-03 9.733452461659908295e-03 4.041632171720266342e-03 4.881529137492179871e-03 -7.856407761573791504e-01 1.972395628690719604e-01 1.376798469573259354e-02 5.527488142251968384e-02 3.376099839806556702e-02 5.786284804344177246e-03 1.359576731920242310e-02 4.170911759138107300e-02 2.669106237590312958e-03 1.128534413874149323e-02 3.242015838623046875e-01
3.315313160419464111e-02 2.208692021667957306e-02 7.834731601178646088e-03 5.886856466531753540e-03 7.286290172487497330e-03 2.132149040699005127e-02 1.268410868942737579e-02 6.245213095098733902e-03 1.028749719262123108e-02 1.440941393375396729e-01 -6.060084104537963867e-01 1.549462601542472839e-02 7.775618135929107666e-02 6.330416351556777954e-02 1.009580399841070175e-02 1.649408787488937378e-02 2.339110523462295532e-02 6.834178231656551361e-03 1.770177297294139862e-02 1.040561050176620483e-01
6.894277036190032959e-02 2.167153209447860718e-01 7.866428792476654053e-02 4.509171843528747559e-02 3.465874353423714638e-03 1.157174557447433472e-01 1.127333119511604309e-01 3.363742306828498840e-02 2.645944245159626007e-02 2.091349288821220398e-02 3.221699595451354980e-02 -9.746072888374328613e-01 1.658214628696441650e-02 6.582830101251602173e-03 2.282362245023250580e-02 6.708876788616180420e-02 6.821713596582412720e-02 2.385290339589118958e-03 1.063023973256349564e-02 2.573915943503379822e-02
4.005474597215652466e-02 1.952174864709377289e-02 1.201652549207210541e-02 6.138203199952840805e-03 7.268096785992383957e-03 2.856510877609252930e-02 1.308079063892364502e-02 7.991622202098369598e-03 8.210748434066772461e-03 1.225265488028526306e-01 2.359310090541839600e-01 2.419841662049293518e-02 -7.365605831146240234e-01 4.025974124670028687e-02 5.752786528319120407e-03 2.214980311691761017e-02 4.543590918183326721e-02 5.451438017189502716e-03 1.348509639501571655e-02 7.852230221033096313e-02
1.631370931863784790e-02 7.699322421103715897e-03 7.511245552450418472e-03 4.188697319477796555e-03 8.459098637104034424e-03 6.161708850413560867e-03 5.290918517857789993e-03 5.350356455892324448e-03 1.724750921130180359e-02 4.485692083835601807e-02 1.151314973831176758e-01 5.757985636591911316e-03 2.413140982389450073e-02 -4.965838193893432617e-01 4.524418618530035019e-03 1.620816811919212341e-02 1.174543611705303192e-02 1.976376026868820190e-02 1.420114040374755859e-01 3.423026576638221741e-02
1.041895821690559387e-01 3.063773177564144135e-02 1.727910526096820831e-02 3.628191351890563965e-02 2.859247615560889244e-03 2.830288372933864594e-02 4.433622583746910095e-02 2.706281654536724091e-02 1.299277693033218384e-02 1.280809659510850906e-02 3.058957494795322418e-02 3.325930237770080566e-02 5.744611378759145737e-03 7.537605706602334976e-03 -5.460394620895385742e-01 7.409112900495529175e-02 4.140156507492065430e-02 2.335753524675965309e-03 6.341903004795312881e-03 2.798764966428279877e-02
1.748118996620178223e-01 4.188425466418266296e-02 8.036530762910842896e-02 5.497682094573974609e-02 2.193644829094409943e-02 3.818344324827194214e-02 4.833839833736419678e-02 6.496828794479370117e-02 2.026145532727241516e-02 1.390223763883113861e-02 2.308644354343414307e-02 4.516214877367019653e-02 1.021758932620286942e-02 1.247385609894990921e-02 3.422649577260017395e-02 -8.933570384979248047e-01 1.668192446231842041e-01 3.731588367372751236e-03 1.289053540676832199e-02 2.512064762413501740e-02
1.183326393365859985e-01 4.177520424127578735e-02 5.228937789797782898e-02 3.494950756430625916e-02 1.197701785713434219e-02 3.703080862760543823e-02 4.762985557317733765e-02 2.416207641363143921e-02 1.500025019049644470e-02 4.845639318227767944e-02 3.719791397452354431e-02 5.217439308762550354e-02 2.381315454840660095e-02 1.027011033147573471e-02 2.172961831092834473e-02 1.895332038402557373e-01 -8.662332892417907715e-01 2.635049633681774139e-03 1.029658503830432892e-02 8.698011934757232666e-02
1.229512598365545273e-02 1.877005025744438171e-02 4.878815263509750366e-03 4.426572006195783615e-03 5.553469527512788773e-03 7.603746838867664337e-03 5.897896829992532730e-03 7.706148084253072739e-03 1.112655550241470337e-02 9.508541785180568695e-03 3.332591429352760315e-02 5.594137590378522873e-03 8.761061355471611023e-03 5.299117043614387512e-02 3.759155981242656708e-03 1.300052367150783539e-02 8.080099709331989288e-03 -2.743400931358337402e-01 4.975866898894309998e-02 1.130244415253400803e-02
1.807300560176372528e-02 1.721211895346641541e-02 2.039322443306446075e-02 1.025926414877176285e-02 1.157905813306570053e-02 1.331409532576799393e-02 1.084468048065900803e-02 7.256075739860534668e-03 6.556426733732223511e-02 1.969510503113269806e-02 4.228710383176803589e-02 1.221322454512119293e-02 1.061683706939220428e-02 1.865316778421401978e-01 5.000095348805189133e-03 2.200054749846458435e-02 1.546737458556890488e-02 2.437609620392322540e-02 -5.333141088485717773e-01 2.063023857772350311e-02
9.994434565305709839e-02 1.586214452981948853e-02 8.611026220023632050e-03 7.420318666845560074e-03 1.383811142295598984e-02 1.326685491949319839e-02 1.914736256003379822e-02 8.433249779045581818e-03 6.386821623891592026e-03 2.856882214546203613e-01 1.255140900611877441e-01 1.493191160261631012e-02 3.121532313525676727e-02 2.270248159766197205e-02 1.114188972860574722e-02 2.164846286177635193e-02 6.597464531660079956e-02 2.795770298689603806e-03 1.041688770055770874e-02 -7.849398255348205566e-01
