-9.252542257308959961e-01 2.651458419859409332e-02 2.831015922129154205e-02 4.598155617713928223e-02 1.753517054021358490e-02 3.082342073321342468e-02 7.633312046527862549e-02 9.457851201295852661e-02 1.060637459158897400e-02 1.972425356507301331e-02 3.870035707950592041e-02 5.644579976797103882e-02 1.587561704218387604e-02 1.037618797272443771e-02 5.269207432866096497e-02 1.715088933706283569e-01 1.101912260055541992e-01 2.581144450232386589e-03 1.021247729659080505e-02 1.062632501125335693e-01
5.057111382484436035e-02 -8.281762003898620605e-01 2.844335325062274933e-02 1.735515519976615906e-02 8.461655117571353912e-03 8.800251036882400513e-02 3.665362298488616943e-02 4.684002324938774109e-02 4.720161855220794678e-02 1.133066602051258087e-02 3.668600320816040039e-02 2.399801015853881836e-01 1.389963272958993912e-02 8.091716095805168152e-03 3.042653948068618774e-02 7.297417521476745605e-02 4.157828167080879211e-02 1.418199762701988220e-02 1.439075171947479248e-02 2.110726945102214813e-02
5.637647584080696106e-02 2.969741448760032654e-02 -1.113348484039306641e+00 2.103298604488372803e-01 5.536387674510478973e-03 5.363830551505088806e-02 6.458026170730590820e-02 7.118552923202514648e-02 6.763064116239547729e-02 2.155171707272529602e-02 1.585912518203258514e-02 1.365091949701309204e-01 6.702000275254249573e-03 7.312530651688575745e-03 1.716051995754241943e-02 1.926476806402206421e-01 1.031240448355674744e-01 2.469230443239212036e-03 3.123317100107669830e-02 1.980431005358695984e-02
6.911594420671463013e-02 1.367745548486709595e-02 1.587595790624618530e-01 -8.451710939407348633e-01 1.655638101510703564e-03 3.605920821428298950e-02 2.479084730148315430e-01 6.404799968004226685e-02 2.606446295976638794e-02 7.391585968434810638e-03 1.040363311767578125e-02 4.767353087663650513e-02 4.223171155899763107e-03 3.090419340878725052e-03 2.264373563230037689e-02 6.839116662740707397e-02 3.246227279305458069e-02 1.995583763346076012e-03 1.247801538556814194e-02 1.712924428284168243e-02
8.164443075656890869e-02 2.065637893974781036e-02 1.294456608593463898e-02 5.128465127199888229e-03 -4.725291728973388672e-01 6.487966980785131454e-03 7.755800150334835052e-03 2.318205311894416809e-02 8.199116215109825134e-03 1.763454079627990723e-02 3.303654491901397705e-02 1.168569549918174744e-02 9.127006866037845612e-03 1.846345514059066772e-02 8.073731325566768646e-03 8.514564484357833862e-02 3.377354890108108521e-02 1.137691084295511246e-02 1.699298620223999023e-02 6.122030317783355713e-02
6.622812151908874512e-02 9.913772344589233398e-02 5.787367746233940125e-02 5.154460296034812927e-02 2.994013018906116486e-03 -1.075626254081726074e+00 2.101270556449890137e-01 3.146905824542045593e-02 7.836925238370895386e-02 1.292629167437553406e-02 6.004587560892105103e-02 1.781382858753204346e-01 2.711052075028419495e-02 8.034286089241504669e-03 3.675784543156623840e-02 6.621273607015609741e-02 4.977035522460937500e-02 3.432543482631444931e-03 1.186720654368400574e-02 2.358681149780750275e-02
1.112800166010856628e-01 2.801582403481006622e-02 4.727683588862419128e-02 2.404368519783020020e-01 2.428366569802165031e-03 1.425688266754150391e-01 -9.999958276748657227e-01 5.035499483346939087e-02 1.827314309775829315e-02 1.045596878975629807e-02 1.885196194052696228e-02 1.298633515834808350e-01 1.028420869261026382e-02 5.116655956953763962e-03 2.989730052649974823e-02 5.608355626463890076e-02 4.914499074220657349e-02 2.212595660239458084e-03 9.298110380768775940e-03 3.815232962369918823e-02
1.060230210423469543e-01 2.753005735576152802e-02 4.007226228713989258e-02 4.776598513126373291e-02 5.581398494541645050e-03 1.641836389899253845e-02 3.872095793485641479e-02 -4.926789700984954834e-01 7.813176140189170837e-03 5.246161948889493942e-03 1.036768313497304916e-02 2.922128699719905853e-02 3.959080204367637634e-03 3.697600914165377617e-03 1.500391028821468353e-02 8.397033065557479858e-02 2.472303993999958038e-02 4.062922671437263489e-03 5.489951465278863907e-03 1.701175421476364136e-02
3.388934209942817688e-02 7.907430082559585571e-02 1.085135787725448608e-01 5.540518090128898621e-02 5.626607686281204224e-03 1.165414080023765564e-01 4.005024954676628113e-02 2.226978540420532227e-02 -8.471755981445312500e-01 1.191667839884757996e-02 3.600358217954635620e-02 6.076417490839958191e-02 7.080635055899620056e-03 3.026960417628288269e-02 3.199892118573188782e-02 5.350520834326744080e-02 3.366946056485176086e-02 4.470142070204019547e-03 1.036627292633056641e-01 1.246393565088510513e-02
3.435384854674339294e-02 1.034695468842983246e-02 1.884955540299415588e-02 8.564813062548637390e-03 6.596634164452552795e-03 1.047821156680583954e-02 1.249208487570285797e-02 8.150960318744182587e-03 6.495818495750427246e-03 -9.496533870697021484e-01 2.004905343055725098e-01 2.091390639543533325e-02 6.849799305200576782e-02 3.932170197367668152e-02 8.458884432911872864e-03 3.203871101140975952e-02 7.502445578575134277e-02 4.624546039849519730e-03 1.539041660726070404e-02 3.685632944107055664e-01
4.205171018838882446e-02 2.090024389326572418e-02 8.653509430587291718e-03 7.520715240389108658e-03 7.709864526987075806e-03 3.036618605256080627e-02 1.405144575983285904e-02 1.004945766180753708e-02 1.224385574460029602e-02 1.250799596309661865e-01 -6.774601936340332031e-01 2.121998742222785950e-02 8.099897205829620361e-02 7.107242196798324585e-02 2.052816934883594513e-02 2.621602267026901245e-02 2.677213400602340698e-02 9.202217683196067810e-03 1.924923434853553772e-02 1.235740780830383301e-01
7.540726661682128906e-02 1.680889278650283813e-01 9.157730638980865479e-02 4.237057641148567200e-02 3.352892352268099785e-03 1.107585504651069641e-01 1.190046668052673340e-01 3.482355922460556030e-02 2.540580742061138153e-02 1.604138687252998352e-02 2.608903869986534119e-02 -9.310726523399353027e-01 1.567715406417846680e-02 6.036234553903341293e-03 2.614213526248931885e-02 6.439267098903656006e-02 7.121869921684265137e-02 3.223808947950601578e-03 7.704253308475017548e-03 2.375780418515205383e-02
6.156704574823379517e-02 2.826202847063541412e-02 1.305168308317661285e-02 1.089586783200502396e-02 7.602028548717498779e-03 4.893211275339126587e-02 2.735800296068191528e-02 1.369633246213197708e-02 8.593968115746974945e-03 1.525178551673889160e-01 2.890869677066802979e-01 4.550963640213012695e-02 -1.011133551597595215e+00 3.534062579274177551e-02 1.137619186192750931e-02 3.700396418571472168e-02 8.072104305028915405e-02 6.403852254152297974e-03 1.427908148616552353e-02 1.189352795481681824e-01
2.437826804816722870e-02 9.967539459466934204e-03 8.627344854176044464e-03 4.830453079193830490e-03 9.316685609519481659e-03 8.785181678831577301e-03 8.246071636676788330e-03 7.749565411359071732e-03 2.225745841860771179e-02 5.304232612252235413e-02 1.536729633808135986e-01 1.061572227627038956e-02 2.141024172306060791e-02 -6.570305824279785156e-01 1.202437188476324081e-02 3.568632528185844421e-02 1.692032441496849060e-02 2.110498957335948944e-02 1.789368689060211182e-01 4.945787042379379272e-02
9.976813942193984985e-02 3.020518086850643158e-02 1.631629280745983124e-02 2.852332033216953278e-02 3.283252706751227379e-03 3.239179775118827820e-02 3.883062303066253662e-02 2.534214220941066742e-02 1.896206848323345184e-02 9.195700287818908691e-03 3.577075526118278503e-02 3.705152124166488647e-02 5.554254632443189621e-03 9.690449573099613190e-03 -5.793933868408203125e-01 9.786209464073181152e-02 5.312429368495941162e-02 2.543859183788299561e-03 9.431859478354454041e-03 2.554577216506004333e-02
2.036212831735610962e-01 4.542427510023117065e-02 1.148536279797554016e-01 5.401843413710594177e-02 2.171112969517707825e-02 3.658613190054893494e-02 4.567388072609901428e-02 8.893129974603652954e-02 1.988091692328453064e-02 2.183920145034790039e-02 2.864407002925872803e-02 5.722573772072792053e-02 1.132836285978555679e-02 1.803322508931159973e-02 6.136270239949226379e-02 -1.078150749206542969e+00 1.889321953058242798e-01 6.689463742077350616e-03 2.282890118658542633e-02 3.056579083204269409e-02
1.501384228467941284e-01 2.970254421234130859e-02 7.055847346782684326e-02 2.942585945129394531e-02 9.883367456495761871e-03 3.156123310327529907e-02 4.593247920274734497e-02 3.004961833357810974e-02 1.435769908130168915e-02 5.869118496775627136e-02 3.357060253620147705e-02 7.263689488172531128e-02 2.836050093173980713e-02 9.812698699533939362e-03 3.822886571288108826e-02 2.168274223804473877e-01 -9.668010473251342773e-01 2.370340283960103989e-03 1.080754026770591736e-02 8.388529717922210693e-02
1.568513363599777222e-02 4.518513754010200500e-02 7.534977048635482788e-03 8.067728951573371887e-03 1.484853774309158325e-02 9.708013385534286499e-03 9.223032742738723755e-03 2.202453278005123138e-02 8.501607924699783325e-03 1.613504625856876373e-02 5.146355181932449341e-02 1.466437708586454391e-02 1.003458723425865173e-02 5.458784848451614380e-02 8.164364844560623169e-03 3.423975408077239990e-02 1.057162601500749588e-02 -4.413832128047943115e-01 7.717522233724594116e-02 2.356814220547676086e-02
2.530353143811225891e-02 1.869458332657814026e-02 3.886069729924201965e-02 2.056842483580112457e-02 9.042805060744285583e-03 1.368475332856178284e-02 1.580303721129894257e-02 1.213419064879417419e-02 8.038527518510818481e-02 2.189402468502521515e-02 4.389295727014541626e-02 1.428890787065029144e-02 9.122894145548343658e-03 1.887056082487106323e-01 1.234243344515562057e-02 4.764293506741523743e-02 1.965314894914627075e-02 3.146675974130630493e-02 -6.493739485740661621e-01 2.588690258562564850e-02
1.333119422197341919e-01 1.388354320079088211e-02 1.247642375528812408e-02 1.429649442434310913e-02 1.649547740817070007e-02 1.377189159393310547e-02 3.283241763710975647e-02 1.903826370835304260e-02 4.893786273896694183e-03 2.654747366905212402e-01 1.426739394664764404e-01 2.231056988239288330e-02 3.847502917051315308e-02 2.640926651656627655e-02 1.692615821957588196e-02 3.229869902133941650e-02 7.723728567361831665e-02 4.865588620305061340e-03 1.310738455504179001e-02 -9.007788300514221191e-01
