-9.123240709304809570e-01 2.649214304983615875e-02 3.056331723928451538e-02 4.486927017569541931e-02 1.801679655909538269e-02 2.862297743558883667e-02 7.085034251213073730e-02 8.901859819889068604e-02 1.181516237556934357e-02 2.226090431213378906e-02 4.094590991735458374e-02 5.663744732737541199e-02 1.581750065088272095e-02 9.912244044244289398e-03 5.178188532590866089e-02 1.688223332166671753e-01 1.088617295026779175e-01 2.953911898657679558e-03 1.125483214855194092e-02 1.028268188238143921e-01
5.155808106064796448e-02 -8.214794993400573730e-01 3.091601654887199402e-02 1.586255431175231934e-02 8.270546793937683105e-03 8.994720131158828735e-02 3.694253414869308472e-02 4.233787208795547485e-02 4.706005007028579712e-02 1.234724093228578568e-02 3.644228726625442505e-02 2.356037795543670654e-01 1.312046963721513748e-02 7.093474734574556351e-03 2.740699984133243561e-02 7.396239787340164185e-02 4.038114100694656372e-02 1.550141535699367523e-02 1.519201882183551788e-02 2.153344638645648956e-02
6.044004485011100769e-02 3.141435608267784119e-02 -1.077713370323181152e+00 1.976927965879440308e-01 4.696596879512071609e-03 5.603133887052536011e-02 6.319174170494079590e-02 6.674166768789291382e-02 6.622581183910369873e-02 2.014517225325107574e-02 1.653781160712242126e-02 1.276625990867614746e-01 7.464301306754350662e-03 7.915387861430644989e-03 1.627041772007942200e-02 1.835888624191284180e-01 9.854518622159957886e-02 2.422619378194212914e-03 3.138373419642448425e-02 1.934285275638103485e-02
7.010247558355331421e-02 1.273438148200511932e-02 1.561891734600067139e-01 -8.456497192382812500e-01 1.872100168839097023e-03 3.511212393641471863e-02 2.372885197401046753e-01 6.794896721839904785e-02 2.719438634812831879e-02 6.688633468002080917e-03 1.255028042942285538e-02 5.030014738440513611e-02 2.589786425232887268e-03 3.910217434167861938e-03 2.261396870017051697e-02 7.077555358409881592e-02 3.457783907651901245e-02 1.736276200972497463e-03 1.332245301455259323e-02 1.814245246350765228e-02
8.312464505434036255e-02 1.960680261254310608e-02 1.095749344676733017e-02 5.528368055820465088e-03 -4.665374755859375000e-01 5.885835271328687668e-03 9.425211697816848755e-03 2.171175740659236908e-02 1.114559173583984375e-02 1.914490573108196259e-02 3.457022830843925476e-02 1.150137465447187424e-02 9.660060517489910126e-03 1.834970712661743164e-02 9.019057266414165497e-03 7.984427362680435181e-02 3.681314736604690552e-02 1.027974113821983337e-02 1.730132289230823517e-02 5.266793444752693176e-02
6.326527893543243408e-02 1.021547615528106689e-01 6.262638419866561890e-02 4.967334121465682983e-02 2.819723216816782951e-03 -1.061965346336364746e+00 1.963497251272201538e-01 3.283321484923362732e-02 7.588268071413040161e-02 1.329234801232814789e-02 5.486693978309631348e-02 1.780052930116653442e-01 2.819895930588245392e-02 7.315348368138074875e-03 3.251754119992256165e-02 6.774714589118957520e-02 5.103458091616630554e-02 3.731416538357734680e-03 1.526728644967079163e-02 2.438345924019813538e-02
1.071156859397888184e-01 2.869842760264873505e-02 4.831112548708915710e-02 2.296166867017745972e-01 3.088517114520072937e-03 1.343045681715011597e-01 -9.915621280670166016e-01 4.877876117825508118e-02 1.679059676826000214e-02 9.442491456866264343e-03 1.971835643053054810e-02 1.301825791597366333e-01 1.284605450928211212e-02 6.143144797533750534e-03 3.044721111655235291e-02 6.092770025134086609e-02 5.265930294990539551e-02 2.313460223376750946e-03 9.403448551893234253e-03 4.077405482530593872e-02
1.019844785332679749e-01 2.492313459515571594e-02 3.866571933031082153e-02 4.982551932334899902e-02 5.391331855207681656e-03 1.701829768717288971e-02 3.696349263191223145e-02 -4.852537810802459717e-01 8.748085238039493561e-03 4.750500898808240891e-03 1.148070674389600754e-02 3.022966347634792328e-02 2.217197325080633163e-03 3.730017226189374924e-03 1.586115919053554535e-02 8.043584227561950684e-02 2.637306973338127136e-02 3.589939558878540993e-03 5.330474115908145905e-03 1.773515716195106506e-02
3.862135857343673706e-02 7.904247194528579712e-02 1.094689145684242249e-01 5.689613148570060730e-02 7.896575145423412323e-03 1.122224926948547363e-01 3.630302846431732178e-02 2.496016770601272583e-02 -8.482661843299865723e-01 1.144962664693593979e-02 3.822870925068855286e-02 6.455072015523910522e-02 4.570572637021541595e-03 2.814576216042041779e-02 2.962346002459526062e-02 5.379057675600051880e-02 3.305530175566673279e-02 3.797197714447975159e-03 1.043631583452224731e-01 1.127999462187290192e-02
3.872122243046760559e-02 1.103561371564865112e-02 1.771955937147140503e-02 7.446621078997850418e-03 7.217839360237121582e-03 1.046061702072620392e-02 1.086379867047071457e-02 7.212607655674219131e-03 6.092698778957128525e-03 -9.361273646354675293e-01 2.004111856222152710e-01 2.315882593393325806e-02 6.946973502635955811e-02 3.971834480762481689e-02 7.736288011074066162e-03 2.992967516183853149e-02 7.235215604305267334e-02 5.161652807146310806e-03 1.516977511346340179e-02 3.562491834163665771e-01
4.436368495225906372e-02 2.028817683458328247e-02 9.060889482498168945e-03 8.703343570232391357e-03 8.118337020277976990e-03 2.689534984529018402e-02 1.413112226873636246e-02 1.085756253451108932e-02 1.267123222351074219e-02 1.248339787125587463e-01 -6.815280914306640625e-01 2.018709667026996613e-02 7.545608282089233398e-02 7.328899204730987549e-02 2.090577594935894012e-02 2.757187932729721069e-02 2.826756052672863007e-02 1.002581510692834854e-02 1.853151246905326843e-02 1.273697018623352051e-01
7.437627762556076050e-02 1.589766591787338257e-01 8.477546274662017822e-02 4.227811843156814575e-02 3.273620503023266792e-03 1.057579666376113892e-01 1.130765452980995178e-01 3.465060144662857056e-02 2.593247964978218079e-02 1.748401299118995667e-02 2.446738630533218384e-02 -8.999236822128295898e-01 1.555298455059528351e-02 6.199466064572334290e-03 2.719627134501934052e-02 6.117865443229675293e-02 6.965491175651550293e-02 3.703025868162512779e-03 7.428161799907684326e-03 2.396107278764247894e-02
6.095797941088676453e-02 2.598139084875583649e-02 1.454646792262792587e-02 6.388107780367136002e-03 8.069011382758617401e-03 4.916716739535331726e-02 3.274548053741455078e-02 7.458366453647613525e-03 5.388594698160886765e-03 1.539154201745986938e-01 2.683922052383422852e-01 4.564315453171730042e-02 -9.830508232116699219e-01 3.345163539052009583e-02 1.721836999058723450e-02 3.732460737228393555e-02 7.731083780527114868e-02 5.406240466982126236e-03 1.519516576081514359e-02 1.184905990958213806e-01
2.286571264266967773e-02 8.407988585531711578e-03 9.233378805220127106e-03 5.773368291556835175e-03 9.174654260277748108e-03 7.634791545569896698e-03 9.373296983540058136e-03 7.510524708777666092e-03 1.986268535256385803e-02 5.267416313290596008e-02 1.560394614934921265e-01 1.089020911604166031e-02 2.002338133752346039e-02 -6.494076251983642578e-01 1.276906765997409821e-02 3.616679832339286804e-02 1.688590832054615021e-02 2.018689550459384918e-02 1.747564226388931274e-01 4.917888715863227844e-02
9.933330863714218140e-02 2.701461873948574066e-02 1.578306965529918671e-02 2.776575461030006409e-02 3.749954281374812126e-03 2.822176367044448853e-02 3.863255679607391357e-02 2.655820176005363464e-02 1.738461293280124664e-02 8.531855419278144836e-03 3.701402619481086731e-02 3.972790017724037170e-02 8.570701815187931061e-03 1.061850786209106445e-02 -5.846375226974487305e-01 1.001816317439079285e-01 5.673883482813835144e-02 3.110317979007959366e-03 1.075596641749143600e-02 2.494392171502113342e-02
2.017740309238433838e-01 4.542204365134239197e-02 1.109576970338821411e-01 5.414199829101562500e-02 2.068363875150680542e-02 3.663327544927597046e-02 4.816583171486854553e-02 8.391346782445907593e-02 1.966770738363265991e-02 2.056511491537094116e-02 3.041478060185909271e-02 5.568067729473114014e-02 1.157545018941164017e-02 1.873840950429439545e-02 6.241750717163085938e-02 -1.066018700599670410e+00 1.828792989253997803e-01 7.462743669748306274e-03 2.324038743972778320e-02 3.168466314673423767e-02
1.489408910274505615e-01 2.838818356394767761e-02 6.817887723445892334e-02 3.027974441647529602e-02 1.091665122658014297e-02 3.159021958708763123e-02 4.765436798334121704e-02 3.149532154202461243e-02 1.383540965616703033e-02 5.690940096974372864e-02 3.569521382451057434e-02 7.257042825222015381e-02 2.744646370410919189e-02 1.001498568803071976e-02 4.046709835529327393e-02 2.093475461006164551e-01 -9.595091342926025391e-01 2.683314727619290352e-03 1.220831368118524551e-02 8.088671416044235229e-02
1.729207113385200500e-02 4.662739112973213196e-02 7.171505130827426910e-03 6.505548488348722458e-03 1.304305903613567352e-02 9.882631711661815643e-03 8.957780897617340088e-03 1.834354549646377563e-02 6.800249684602022171e-03 1.737128756940364838e-02 5.416915938258171082e-02 1.650727726519107819e-02 8.212060667574405670e-03 5.122786760330200195e-02 9.491551667451858521e-03 3.655212372541427612e-02 1.148107089102268219e-02 -4.354217648506164551e-01 7.439746707677841187e-02 2.138816006481647491e-02
2.756405808031558990e-02 1.911788806319236755e-02 3.886730968952178955e-02 2.088353037834167480e-02 9.183986112475395203e-03 1.691668853163719177e-02 1.523281540721654892e-02 1.139506045728921890e-02 7.819221913814544678e-02 2.135880850255489349e-02 4.188880324363708496e-02 1.385334692895412445e-02 9.656435810029506683e-03 1.855344176292419434e-01 1.373208686709403992e-02 4.762249067425727844e-02 2.185350283980369568e-02 3.112524561583995819e-02 -6.515879034996032715e-01 2.760922722518444061e-02
1.299967169761657715e-01 1.398813631385564804e-02 1.236579939723014832e-02 1.468039117753505707e-02 1.443178486078977585e-02 1.394667662680149078e-02 3.409563377499580383e-02 1.957076042890548706e-02 4.362616222351789474e-03 2.589247822761535645e-01 1.486192494630813599e-01 2.306754887104034424e-02 3.887023404240608215e-02 2.695205807685852051e-02 1.643893495202064514e-02 3.351503983139991760e-02 7.474196702241897583e-02 4.619021434336900711e-03 1.425200980156660080e-02 -8.974393606185913086e-01
