-8.155056238174438477e-01 4.029569774866104126e-02 2.354611456394195557e-02 4.168908670544624329e-02 1.799076981842517853e-02 3.810987249016761780e-02 6.883821636438369751e-02 7.532630860805511475e-02 1.284877117723226547e-02 2.349248528480529785e-02 3.765635192394256592e-02 3.740928322076797485e-02 1.495335809886455536e-02 1.027269661426544189e-02 3.904509916901588440e-02 1.423889994621276855e-01 8.536329120397567749e-02 2.819188870489597321e-03 8.543411269783973694e-03 9.491658210754394531e-02
6.120664998888969421e-02 -7.468016147613525391e-01 3.265816345810890198e-02 2.564946375787258148e-02 8.186447434127330780e-03 8.809589594602584839e-02 5.137436464428901672e-02 3.076390177011489868e-02 4.606960713863372803e-02 1.360183767974376678e-02 3.759206831455230713e-02 1.781477183103561401e-01 1.110542938113212585e-02 7.307233288884162903e-03 1.749263145029544830e-02 5.143306404352188110e-02 4.463934525847434998e-02 6.558330263942480087e-03 1.238537766039371490e-02 2.253408357501029968e-02
4.319028183817863464e-02 3.943833708763122559e-02 -8.068655729293823242e-01 1.370647251605987549e-01 7.157293614000082016e-03 4.814116284251213074e-02 5.217853188514709473e-02 6.147717684507369995e-02 5.556586384773254395e-02 1.351177878677845001e-02 1.621566712856292725e-02 7.943675667047500610e-02 8.206172846257686615e-03 8.586176671087741852e-03 1.187463756650686264e-02 1.212010160088539124e-01 6.881694495677947998e-02 2.057856880128383636e-03 1.793399266898632050e-02 1.481119077652692795e-02
6.510064750909805298e-02 2.636946365237236023e-02 1.166868433356285095e-01 -7.392765283584594727e-01 2.175568137317895889e-03 3.966223821043968201e-02 1.966742277145385742e-01 5.908344686031341553e-02 2.190474234521389008e-02 5.435443017631769180e-03 1.028589811176061630e-02 3.847110643982887268e-02 3.538801334798336029e-03 4.077556543052196503e-03 2.127877809107303619e-02 6.916128844022750854e-02 3.907473757863044739e-02 1.557017909362912178e-03 7.726697251200675964e-03 1.101204287260770798e-02
6.453587859869003296e-02 1.933334395289421082e-02 1.399695314466953278e-02 4.997597075998783112e-03 -3.974133431911468506e-01 7.669391110539436340e-03 4.545839969068765640e-03 1.687829941511154175e-02 1.082396786659955978e-02 1.846285536885261536e-02 3.015779890120029449e-02 6.636514794081449509e-03 9.554661810398101807e-03 1.922351308166980743e-02 3.854174166917800903e-03 6.471989303827285767e-02 3.067067824304103851e-02 4.559939261525869370e-03 1.993864215910434723e-02 4.685340821743011475e-02
7.780373096466064453e-02 1.184073537588119507e-01 5.358123779296875000e-02 5.185339972376823425e-02 4.364880267530679703e-03 -9.597559571266174316e-01 1.532584428787231445e-01 2.941024862229824066e-02 6.678461283445358276e-02 1.563005894422531128e-02 4.933856427669525146e-02 1.284621357917785645e-01 2.169597893953323364e-02 7.791561540216207504e-03 2.180938050150871277e-02 6.361616402864456177e-02 5.379066243767738342e-02 3.678171895444393158e-03 1.295955665409564972e-02 2.551973238587379456e-02
1.124293059110641479e-01 5.524035915732383728e-02 4.645955190062522888e-02 2.057000845670700073e-01 2.069724956527352333e-03 1.226059123873710632e-01 -9.448317289352416992e-01 4.216161370277404785e-02 1.973650977015495300e-02 1.324878726154565811e-02 2.325441874563694000e-02 1.002152189612388611e-01 8.062575943768024445e-03 5.398925859481096268e-03 2.751362137496471405e-02 6.449799984693527222e-02 5.567551031708717346e-02 2.247321885079145432e-03 8.513603359460830688e-03 2.980070561170578003e-02
9.122925251722335815e-02 2.452951297163963318e-02 4.059144854545593262e-02 4.582371562719345093e-02 5.698553752154111862e-03 1.744709722697734833e-02 3.126473352313041687e-02 -4.227309226989746094e-01 9.776997379958629608e-03 4.000354558229446411e-03 8.572734892368316650e-03 2.214550971984863281e-02 3.657359164208173752e-03 4.133780952543020248e-03 1.224299054592847824e-02 6.447820365428924561e-02 2.098021097481250763e-02 2.215107902884483337e-03 4.196491092443466187e-03 9.746889583766460419e-03
3.133598342537879944e-02 7.397010922431945801e-02 7.387933880090713501e-02 3.421030193567276001e-02 7.358964998275041580e-03 7.978022843599319458e-02 2.947149053215980530e-02 1.968791708350181580e-02 -6.345745325088500977e-01 9.939841926097869873e-03 2.829710021615028381e-02 3.515643626451492310e-02 7.522611878812313080e-03 2.689808234572410583e-02 1.183748152107000351e-02 4.019863158464431763e-02 2.617109380662441254e-02 6.183605175465345383e-03 7.784336060285568237e-02 1.483187451958656311e-02
2.841093949973583221e-02 1.082964614033699036e-02 8.908454328775405884e-03 4.209481645375490189e-03 6.224493496119976044e-03 9.258791804313659668e-03 9.810310788452625275e-03 3.994548227638006210e-03 4.928949289023876190e-03 -7.896568775177001953e-01 1.988207399845123291e-01 1.390908472239971161e-02 5.571493506431579590e-02 3.388028219342231750e-02 5.792008247226476669e-03 1.370572857558727264e-02 4.187340289354324341e-02 2.668066881597042084e-03 1.116785127669572830e-02 3.255492150783538818e-01
3.281682729721069336e-02 2.156823314726352692e-02 7.704178337007761002e-03 5.740339402109384537e-03 7.326666731387376785e-03 2.106114104390144348e-02 1.240834407508373260e-02 6.168651860207319260e-03 1.011156849563121796e-02 1.432726830244064331e-01 -6.014184951782226562e-01 1.508531160652637482e-02 7.742068916559219360e-02 6.366392970085144043e-02 9.947041980922222137e-03 1.632616855204105377e-02 2.310102619230747223e-02 6.664766464382410049e-03 1.701934076845645905e-02 1.040116250514984131e-01
6.885840743780136108e-02 2.158827334642410278e-01 7.971358299255371094e-02 4.534707590937614441e-02 3.405384486541152000e-03 1.158216670155525208e-01 1.129435151815414429e-01 3.365702927112579346e-02 2.653387747704982758e-02 2.116993442177772522e-02 3.186203911900520325e-02 -9.780642986297607422e-01 1.662135310471057892e-02 6.615132559090852737e-03 2.281184494495391846e-02 6.766697019338607788e-02 6.958389282226562500e-02 2.410169225186109543e-03 1.076163910329341888e-02 2.639801800251007080e-02
4.017928242683410645e-02 1.964531093835830688e-02 1.202091015875339508e-02 6.089150439947843552e-03 7.156939245760440826e-03 2.855484187602996826e-02 1.326439250260591507e-02 8.114161901175975800e-03 8.288012817502021790e-03 1.237879768013954163e-01 2.387053668498992920e-01 2.426343411207199097e-02 -7.430312037467956543e-01 4.056941345334053040e-02 5.755215417593717575e-03 2.239488810300827026e-02 4.608134552836418152e-02 5.634644068777561188e-03 1.332034822553396225e-02 7.920557260513305664e-02
1.645481958985328674e-02 7.705870084464550018e-03 7.497935555875301361e-03 4.182594362646341324e-03 8.584005758166313171e-03 6.113223731517791748e-03 5.295001901686191559e-03 5.467246752232313156e-03 1.766641065478324890e-02 4.487444832921028137e-02 1.170156151056289673e-01 5.756647791713476181e-03 2.418488264083862305e-02 -5.002650022506713867e-01 4.444825462996959686e-03 1.662726886570453644e-02 1.164156571030616760e-02 1.986665278673171997e-02 1.425453424453735352e-01 3.434062376618385315e-02
1.041070893406867981e-01 3.070640377700328827e-02 1.726105436682701111e-02 3.633268922567367554e-02 2.864795736968517303e-03 2.848355472087860107e-02 4.491708800196647644e-02 2.695341967046260834e-02 1.294170226901769638e-02 1.276986487209796906e-02 3.043332695960998535e-02 3.304430469870567322e-02 5.710996221750974655e-03 7.398774381726980209e-03 -5.466045737266540527e-01 7.464364916086196899e-02 4.173662886023521423e-02 2.273950725793838501e-03 6.213244982063770294e-03 2.781208232045173645e-02
1.762360632419586182e-01 4.191029816865921021e-02 8.178201317787170410e-02 5.481740087270736694e-02 2.233081869781017303e-02 3.856762498617172241e-02 4.887813329696655273e-02 6.589368730783462524e-02 2.040083147585391998e-02 1.402696873992681503e-02 2.318698167800903320e-02 4.550063610076904297e-02 1.031581964343786240e-02 1.284785196185112000e-02 3.464953228831291199e-02 -9.025563597679138184e-01 1.687117516994476318e-01 3.717360785230994225e-03 1.318416278809309006e-02 2.559838443994522095e-02
1.190465912222862244e-01 4.098488390445709229e-02 5.232080444693565369e-02 3.489626571536064148e-02 1.192388404160737991e-02 3.674428910017013550e-02 4.754009842872619629e-02 2.415840327739715576e-02 1.496532093733549118e-02 4.828669503331184387e-02 3.696738928556442261e-02 5.272018909454345703e-02 2.391704544425010681e-02 1.013557799160480499e-02 2.182978391647338867e-02 1.900959610939025879e-01 -8.666027784347534180e-01 2.614819910377264023e-03 1.027506217360496521e-02 8.717969805002212524e-02
1.207409892231225967e-02 1.849200204014778137e-02 4.804840311408042908e-03 4.270327743142843246e-03 5.444250535219907761e-03 7.716131862252950668e-03 5.893128458410501480e-03 7.833178155124187469e-03 1.085901912301778793e-02 9.448667988181114197e-03 3.275346010923385620e-02 5.607903469353914261e-03 8.981183171272277832e-03 5.311859026551246643e-02 3.652564017102122307e-03 1.286313962191343307e-02 8.030202239751815796e-03 -2.725210487842559814e-01 4.953940585255622864e-02 1.113895326852798462e-02
1.810671761631965637e-02 1.728135347366333008e-02 2.072137780487537384e-02 1.048671361058950424e-02 1.178019773215055466e-02 1.345351245254278183e-02 1.104770042002201080e-02 7.343571633100509644e-03 6.764696538448333740e-02 1.957137882709503174e-02 4.138975962996482849e-02 1.239108387380838394e-02 1.050656009465456009e-02 1.886048316955566406e-01 4.938705824315547943e-03 2.257577516138553619e-02 1.561518199741840363e-02 2.451481856405735016e-02 -5.388239026069641113e-01 2.084768004715442657e-02
1.012782230973243713e-01 1.582974568009376526e-02 8.615829981863498688e-03 7.524522021412849426e-03 1.393681950867176056e-02 1.333789248019456863e-02 1.946930959820747375e-02 8.587220683693885803e-03 6.489156745374202728e-03 2.872327864170074463e-01 1.273495852947235107e-01 1.530268881469964981e-02 3.145330399274826050e-02 2.287565171718597412e-02 1.112996321171522141e-02 2.206826768815517426e-02 6.670270860195159912e-02 2.775158500298857689e-03 1.049598678946495056e-02 -7.924548387527465820e-01
