-1.064510822296142578e+00 2.426233515143394470e-02 2.016638778150081635e-02 4.210561886429786682e-02 1.959981210529804230e-02 3.336132690310478210e-02 9.129932522773742676e-02 1.187018901109695435e-01 7.661228533834218979e-03 9.309749118983745575e-03 3.410997241735458374e-02 5.625785514712333679e-02 1.736729592084884644e-02 8.254327811300754547e-03 6.577388942241668701e-02 2.340047061443328857e-01 1.298059076070785522e-01 1.687913085334002972e-03 8.373544551432132721e-03 1.424077451229095459e-01
4.762436822056770325e-02 -9.282765984535217285e-01 2.482393197715282440e-02 8.479473181068897247e-03 1.057734433561563492e-02 1.099221482872962952e-01 2.518512867391109467e-02 4.882801696658134460e-02 5.230157822370529175e-02 9.162914939224720001e-03 4.337318614125251770e-02 3.326111137866973877e-01 1.338245999068021774e-02 3.821873804554343224e-03 3.074058704078197479e-02 8.465684205293655396e-02 3.415593504905700684e-02 1.691430993378162384e-02 1.317704468965530396e-02 1.853833161294460297e-02
4.462529718875885010e-02 2.798510529100894928e-02 -1.391788244247436523e+00 3.110484778881072998e-01 5.100821610540151596e-03 5.696035921573638916e-02 5.525847151875495911e-02 9.444287419319152832e-02 9.762619435787200928e-02 2.663275413215160370e-02 1.098402496427297592e-02 1.885588169097900391e-01 4.038028884679079056e-03 3.693081205710768700e-03 9.461426176130771637e-03 2.782646417617797852e-01 1.238987371325492859e-01 1.010905369184911251e-03 3.854448348283767700e-02 1.365374308079481125e-02
6.407195329666137695e-02 6.573552265763282776e-03 2.138961553573608398e-01 -9.443527460098266602e-01 6.378032849170267582e-04 2.255204319953918457e-02 3.589425683021545410e-01 7.195591926574707031e-02 2.230774797499179840e-02 1.966477837413549423e-03 7.241731509566307068e-03 2.984127588570117950e-02 2.097990131005644798e-03 1.848933752626180649e-03 1.930363848805427551e-02 7.400438189506530762e-02 2.297143265604972839e-02 1.857359195128083229e-03 1.150384359061717987e-02 1.077787205576896667e-02
8.871266990900039673e-02 2.439010515809059143e-02 1.043327897787094116e-02 1.897110021673142910e-03 -4.692414700984954834e-01 3.954560495913028717e-03 1.444144872948527336e-03 2.595230378210544586e-02 6.088394671678543091e-03 8.572567254304885864e-03 3.352216631174087524e-02 4.321968182921409607e-03 7.667648140341043472e-03 1.571901142597198486e-02 4.889576695859432220e-03 9.849942475557327271e-02 3.125002607703208923e-02 1.032655965536832809e-02 1.972171850502490997e-02 7.187820971012115479e-02
7.878172397613525391e-02 1.322423964738845825e-01 6.078576296567916870e-02 3.499775007367134094e-02 2.063225489109754562e-03 -1.316159009933471680e+00 3.193010091781616211e-01 2.747779339551925659e-02 1.048234403133392334e-01 5.579257383942604065e-03 7.494856417179107666e-02 2.418562918901443481e-01 3.066607005894184113e-02 3.689191304147243500e-03 4.253905639052391052e-02 7.179018110036849976e-02 5.203287675976753235e-02 3.169213421642780304e-03 7.858473807573318481e-03 2.155684866011142731e-02
1.358950883150100708e-01 1.909781619906425476e-02 3.716909885406494141e-02 3.511019349098205566e-01 4.749120853375643492e-04 2.012585550546646118e-01 -1.175321221351623535e+00 4.717536643147468567e-02 1.439622789621353149e-02 6.069834344089031219e-03 1.305345539003610611e-02 1.595616638660430908e-01 6.232890300452709198e-03 3.180300584062933922e-03 3.107423149049282074e-02 4.821990802884101868e-02 5.058099702000617981e-02 2.254626480862498283e-03 6.824077572673559189e-03 4.170018434524536133e-02
1.233224570751190186e-01 2.584383450448513031e-02 4.434050992131233215e-02 4.912732541561126709e-02 5.956988316029310226e-03 1.208882965147495270e-02 3.292787075042724609e-02 -4.751178324222564697e-01 6.195718888193368912e-03 1.359415473416447639e-03 5.263220984488725662e-03 2.313085645437240601e-02 3.443548455834388733e-03 2.013809746131300926e-03 1.105255354195833206e-02 9.311732649803161621e-02 1.398181542754173279e-02 4.834169056266546249e-03 3.727997420355677605e-03 1.338958833366632462e-02
2.717521600425243378e-02 9.451325982809066772e-02 1.564904749393463135e-01 5.199988186359405518e-02 4.771376494318246841e-03 1.574529707431793213e-01 3.430734574794769287e-02 2.115347608923912048e-02 -9.470449090003967285e-01 6.671816110610961914e-03 4.349189996719360352e-02 5.508846044540405273e-02 8.015436120331287384e-03 2.609489113092422485e-02 3.176859393715858459e-02 4.994629323482513428e-02 2.868770435452461243e-02 3.824025858193635941e-03 1.372218281030654907e-01 8.370026946067810059e-03
1.658472232520580292e-02 8.315862156450748444e-03 2.144042216241359711e-02 2.302138367667794228e-03 3.374018240720033646e-03 4.208859987556934357e-03 7.264586631208658218e-03 2.330976771190762520e-03 3.350732149556279182e-03 -1.174497365951538086e+00 2.743196785449981689e-01 1.993733458220958710e-02 8.231765031814575195e-02 4.107838869094848633e-02 4.395361524075269699e-03 2.178304083645343781e-02 8.879785239696502686e-02 3.019805531948804855e-03 1.486177556216716766e-02 5.548141002655029297e-01
3.420003503561019897e-02 2.215490303933620453e-02 4.976839758455753326e-03 4.771552048623561859e-03 7.425806019455194473e-03 3.182191774249076843e-02 8.792947046458721161e-03 5.079398397356271744e-03 1.229359675198793411e-02 1.543945223093032837e-01 -6.931944489479064941e-01 1.628897525370121002e-02 9.401952475309371948e-02 8.195099234580993652e-02 1.900052279233932495e-02 2.417274191975593567e-02 1.989210769534111023e-02 9.572562761604785919e-03 1.388340722769498825e-02 1.285021305084228516e-01
7.846818119287490845e-02 2.363471984863281250e-01 1.188513860106468201e-01 2.735267765820026398e-02 1.331859035417437553e-03 1.428517699241638184e-01 1.495212018489837646e-01 3.105400130152702332e-02 2.166189625859260559e-02 1.561015658080577850e-02 2.265994995832443237e-02 -1.071812510490417480e+00 1.808005198836326599e-02 3.580746008083224297e-03 2.520069666206836700e-02 6.659310311079025269e-02 8.404323458671569824e-02 1.995284110307693481e-03 4.690116737037897110e-03 2.191894501447677612e-02
7.694098353385925293e-02 3.020402416586875916e-02 8.084290660917758942e-03 6.108028348535299301e-03 7.505056448280811310e-03 5.753094330430030823e-02 1.855149120092391968e-02 1.468409411609172821e-02 1.001101452857255936e-02 2.047143131494522095e-01 4.154305160045623779e-01 5.742682144045829773e-02 -1.256523847579956055e+00 4.533927515149116516e-02 8.012726902961730957e-03 3.451808169484138489e-02 9.306416660547256470e-02 7.636198773980140686e-03 1.559396088123321533e-02 1.451678127050399780e-01
1.849761046469211578e-02 4.363285377621650696e-03 3.739983774721622467e-03 2.722872886806726456e-03 7.782613392919301987e-03 3.500925842672586441e-03 4.788130056113004684e-03 4.343780223280191422e-03 1.648598164319992065e-02 5.167459324002265930e-02 1.831651926040649414e-01 5.753035657107830048e-03 2.293416857719421387e-02 -6.796041727066040039e-01 7.491111289709806442e-03 3.745884075760841370e-02 1.019352860748767853e-02 2.165666036307811737e-02 2.268537878990173340e-01 4.619806632399559021e-02
1.246604621410369873e-01 2.968183159828186035e-02 8.103614673018455505e-03 2.404288016259670258e-02 2.047447720542550087e-03 3.414136916399002075e-02 3.956757485866546631e-02 2.016291581094264984e-02 1.697456464171409607e-02 4.676269367337226868e-03 3.591663017868995667e-02 3.424343839287757874e-02 3.427915275096893311e-03 6.335597485303878784e-03 -5.776729583740234375e-01 1.125940829515457153e-01 4.843637719750404358e-02 2.027924638241529465e-03 7.728744298219680786e-03 2.290331199765205383e-02
2.919593155384063721e-01 5.381001904606819153e-02 1.568927019834518433e-01 6.067744642496109009e-02 2.715174295008182526e-02 3.792980685830116272e-02 4.041922092437744141e-02 1.118262410163879395e-01 1.756816543638706207e-02 1.525618694722652435e-02 3.008004650473594666e-02 5.956849083304405212e-02 9.721177630126476288e-03 2.085538394749164581e-02 7.412045449018478394e-02 -1.326323032379150391e+00 2.667227685451507568e-01 7.619479205459356308e-03 2.777642197906970978e-02 1.636806875467300415e-02
1.843567937612533569e-01 2.471349388360977173e-02 7.952038943767547607e-02 2.144000120460987091e-02 9.805762208998203278e-03 3.129394724965095520e-02 4.826317355036735535e-02 1.911365054547786713e-02 1.148645207285881042e-02 7.079406827688217163e-02 2.817736007273197174e-02 8.557699620723724365e-02 2.983469702303409576e-02 6.460339296609163284e-03 3.629619628190994263e-02 3.036176562309265137e-01 -1.101440191268920898e+00 1.602019532583653927e-03 1.008730754256248474e-02 9.899993240833282471e-02
1.014029514044523239e-02 5.176761746406555176e-02 2.744466997683048248e-03 7.332778070122003555e-03 1.370637118816375732e-02 8.062502369284629822e-03 9.099949151277542114e-03 2.795360423624515533e-02 6.476595066487789154e-03 1.018378604203462601e-02 5.735662207007408142e-02 8.593990467488765717e-03 1.035505067557096481e-02 5.805747210979461670e-02 6.428018677979707718e-03 3.668833896517753601e-02 6.776472553610801697e-03 -4.455873966217041016e-01 8.759573847055435181e-02 2.626774646341800690e-02
2.056825719773769379e-02 1.648957654833793640e-02 4.278557747602462769e-02 1.856962963938713074e-02 1.070284564048051834e-02 8.174180053174495697e-03 1.126149203628301620e-02 8.814125321805477142e-03 9.502475708723068237e-02 2.049219980835914612e-02 3.401253744959831238e-02 8.259645663201808929e-03 8.646076545119285583e-03 2.486567646265029907e-01 1.001663506031036377e-02 5.468481406569480896e-02 1.744611561298370361e-02 3.581546619534492493e-02 -6.929925084114074707e-01 2.257182449102401733e-02
1.733428686857223511e-01 1.149598974734544754e-02 7.510538678616285324e-03 8.621394634246826172e-03 1.933018118143081665e-02 1.111157331615686417e-02 3.410155326128005981e-02 1.568754762411117554e-02 2.872266108170151711e-03 3.790963590145111084e-01 1.560046523809432983e-01 1.912853121757507324e-02 3.988569974899291992e-02 2.509356103837490082e-02 1.470941677689552307e-02 1.596879400312900543e-02 8.484821021556854248e-02 5.322242155671119690e-03 1.118538435548543930e-02 -1.035316824913024902e+00
