-9.564615488052368164e-01 2.748460695147514343e-02 2.937080711126327515e-02 4.420097544789314270e-02 1.739490404725074768e-02 3.379997983574867249e-02 7.846818119287490845e-02 9.906747192144393921e-02 1.021919585764408112e-02 2.121826820075511932e-02 3.675881400704383850e-02 5.574916675686836243e-02 1.709436997771263123e-02 1.045406050980091095e-02 5.770527198910713196e-02 1.825400441884994507e-01 1.129237711429595947e-01 2.489820821210741997e-03 1.008050795644521713e-02 1.094413325190544128e-01
5.227834731340408325e-02 -8.518787026405334473e-01 3.219134360551834106e-02 1.725435256958007812e-02 9.575839154422283173e-03 9.436137229204177856e-02 3.757183626294136047e-02 4.509307444095611572e-02 4.599652439355850220e-02 1.235233619809150696e-02 3.955223411321640015e-02 2.526095509529113770e-01 1.401846017688512802e-02 5.989376455545425415e-03 3.054986894130706787e-02 7.463437318801879883e-02 3.876714408397674561e-02 1.388387382030487061e-02 1.482575293630361557e-02 2.037302404642105103e-02
5.885364115238189697e-02 3.391284868121147156e-02 -1.144078612327575684e+00 2.151590883731842041e-01 5.982935894280672073e-03 5.359566211700439453e-02 6.613408029079437256e-02 7.966342568397521973e-02 7.345385104417800903e-02 2.260966785252094269e-02 1.606946997344493866e-02 1.363673061132431030e-01 6.129747256636619568e-03 7.603362202644348145e-03 1.539738941937685013e-02 1.956089138984680176e-01 1.035406887531280518e-01 2.047229092568159103e-03 3.182050585746765137e-02 2.012880705296993256e-02
6.732401996850967407e-02 1.381670590490102768e-02 1.635461747646331787e-01 -8.716629743576049805e-01 2.032451331615447998e-03 3.586430475115776062e-02 2.671802937984466553e-01 6.672796607017517090e-02 2.331833168864250183e-02 6.036481354385614395e-03 1.033976580947637558e-02 4.731272161006927490e-02 3.151699667796492577e-03 3.511728486046195030e-03 2.164739929139614105e-02 7.524717599153518677e-02 3.376326337456703186e-02 2.159196417778730392e-03 1.285939477384090424e-02 1.582387462258338928e-02
8.066835999488830566e-02 2.334671095013618469e-02 1.384643930941820145e-02 6.188184022903442383e-03 -4.749966859817504883e-01 6.422403268516063690e-03 7.024994585663080215e-03 2.677269652485847473e-02 7.455938495695590973e-03 1.479228492826223373e-02 3.320859745144844055e-02 1.049675513058900833e-02 9.017491713166236877e-03 1.541539374738931656e-02 6.614180281758308411e-03 8.778180927038192749e-02 3.458482772111892700e-02 1.016880478709936142e-02 1.664262637495994568e-02 6.454815715551376343e-02
7.230032235383987427e-02 1.061171963810920715e-01 5.721316859126091003e-02 5.036723241209983826e-02 2.962375991046428680e-03 -1.102135658264160156e+00 2.230748832225799561e-01 2.972625754773616791e-02 7.629998773336410522e-02 1.107551064342260361e-02 5.856677889823913574e-02 1.818444281816482544e-01 2.590287849307060242e-02 6.616361904889345169e-03 3.743096068501472473e-02 6.988476961851119995e-02 5.172881111502647400e-02 3.720114473253488541e-03 1.151883415877819061e-02 2.578479796648025513e-02
1.121729910373687744e-01 2.823740616440773010e-02 4.718050360679626465e-02 2.507615685462951660e-01 2.165506361052393913e-03 1.490807533264160156e-01 -1.009234666824340820e+00 4.799734055995941162e-02 1.846696436405181885e-02 1.012437790632247925e-02 1.773199439048767090e-02 1.291478574275970459e-01 8.451347239315509796e-03 4.707528743892908096e-03 3.095763362944126129e-02 5.549419671297073364e-02 4.914414510130882263e-02 2.563173649832606316e-03 8.478731848299503326e-03 3.637066110968589783e-02
1.101164892315864563e-01 2.635110355913639069e-02 4.418987780809402466e-02 4.869573935866355896e-02 6.417001597583293915e-03 1.544677000492811203e-02 3.732018172740936279e-02 -4.979168176651000977e-01 8.246125653386116028e-03 4.319920204579830170e-03 8.768235333263874054e-03 2.865355834364891052e-02 4.104548133909702301e-03 3.652912564575672150e-03 1.411715894937515259e-02 8.618312329053878784e-02 2.423028275370597839e-02 4.559159278869628906e-03 5.229263100773096085e-03 1.731534861028194427e-02
3.385790064930915833e-02 8.011908829212188721e-02 1.214508116245269775e-01 5.072272941470146179e-02 5.326775833964347839e-03 1.181799992918968201e-01 4.280003532767295837e-02 2.457944117486476898e-02 -8.652588725090026855e-01 1.054810360074043274e-02 3.899182006716728210e-02 6.014695018529891968e-02 8.815869688987731934e-03 2.847722359001636505e-02 2.949574962258338928e-02 5.494168028235435486e-02 3.369960933923721313e-02 4.604338668286800385e-03 1.060414463281631470e-01 1.245926134288311005e-02
3.628660365939140320e-02 1.110588479787111282e-02 1.929625868797302246e-02 6.777695845812559128e-03 5.454945843666791916e-03 8.854750543832778931e-03 1.211183797568082809e-02 6.646466907113790512e-03 5.444618873298168182e-03 -9.735059142112731934e-01 2.147269845008850098e-01 2.184074744582176208e-02 6.805761158466339111e-02 3.927486762404441833e-02 7.567331660538911819e-03 2.777475863695144653e-02 7.599420100450515747e-02 3.491511102765798569e-03 1.605904102325439453e-02 3.867397308349609375e-01
3.956981375813484192e-02 2.238418161869049072e-02 8.632699027657508850e-03 7.307604420930147171e-03 7.708534132689237595e-03 2.947338484227657318e-02 1.335258502513170242e-02 8.491676300764083862e-03 1.266871951520442963e-02 1.351614147424697876e-01 -6.859014630317687988e-01 2.116162143647670746e-02 8.171927183866500854e-02 7.317470759153366089e-02 1.868128590285778046e-02 2.709288150072097778e-02 2.784266695380210876e-02 9.325997903943061829e-03 1.794469542801380157e-02 1.242077574133872986e-01
7.562511414289474487e-02 1.801544874906539917e-01 9.231673926115036011e-02 4.213736951351165771e-02 3.070446196943521500e-03 1.153197884559631348e-01 1.225519329309463501e-01 3.496913984417915344e-02 2.462623268365859985e-02 1.732442155480384827e-02 2.666699700057506561e-02 -9.675848484039306641e-01 1.710910163819789886e-02 5.571887828409671783e-03 2.624827809631824493e-02 6.949339061975479126e-02 7.574624568223953247e-02 3.103041788563132286e-03 7.836434990167617798e-03 2.771375142037868500e-02
6.656670570373535156e-02 2.869934961199760437e-02 1.191212050616741180e-02 8.057692088186740875e-03 7.571964059025049210e-03 4.715505242347717285e-02 2.302158623933792114e-02 1.437964383512735367e-02 1.036157645285129547e-02 1.549688130617141724e-01 2.956146597862243652e-01 4.911380261182785034e-02 -1.027681708335876465e+00 3.895127028226852417e-02 1.039099600166082382e-02 3.666760772466659546e-02 7.451903074979782104e-02 6.431683897972106934e-03 1.555114053189754486e-02 1.277471184730529785e-01
2.346474304795265198e-02 7.067732512950897217e-03 8.516851812601089478e-03 5.175038706511259079e-03 7.461123634129762650e-03 6.942665670067071915e-03 7.391440216451883316e-03 7.376474794000387192e-03 1.929235085844993591e-02 5.154768377542495728e-02 1.525771021842956543e-01 9.219461120665073395e-03 2.245165966451168060e-02 -6.418805122375488281e-01 8.775248192250728607e-03 3.558928146958351135e-02 1.485785003751516342e-02 1.979975588619709015e-02 1.860928684473037720e-01 4.828110337257385254e-02
1.102860569953918457e-01 3.069602511823177338e-02 1.468570344150066376e-02 2.716268412768840790e-02 2.725837286561727524e-03 3.344354405999183655e-02 4.138835147023200989e-02 2.427343092858791351e-02 1.701457984745502472e-02 8.456905372440814972e-03 3.316724300384521484e-02 3.698097169399261475e-02 5.099860485643148422e-03 7.471945136785507202e-03 -5.801990628242492676e-01 9.907228499650955200e-02 5.084567889571189880e-02 2.702834084630012512e-03 8.658283390104770660e-03 2.606680057942867279e-02
2.153092622756958008e-01 4.628190025687217712e-02 1.151425316929817200e-01 5.827155709266662598e-02 2.232687361538410187e-02 3.853571042418479919e-02 4.578860849142074585e-02 9.145460277795791626e-02 1.955974660813808441e-02 1.915660314261913300e-02 2.968638390302658081e-02 6.042552739381790161e-02 1.110665127635002136e-02 1.870221085846424103e-02 6.114368885755538940e-02 -1.106687903404235840e+00 1.937856525182723999e-01 6.533066276460886002e-03 2.421823702752590179e-02 2.925902791321277618e-02
1.537288129329681396e-01 2.774606086313724518e-02 7.034341245889663696e-02 3.017700277268886566e-02 1.015253085643053055e-02 3.292142227292060852e-02 4.680011793971061707e-02 2.967611886560916901e-02 1.384686399251222610e-02 6.049422174692153931e-02 3.521098941564559937e-02 7.601570338010787964e-02 2.605151757597923279e-02 9.011456742882728577e-03 3.621752932667732239e-02 2.236592620611190796e-01 -9.805442094802856445e-01 2.461898373439908028e-03 1.102512050420045853e-02 8.500415831804275513e-02
1.526392996311187744e-02 4.474830999970436096e-02 6.263358518481254578e-03 8.690650574862957001e-03 1.344271562993526459e-02 1.066180691123008728e-02 1.099212374538183212e-02 2.514558844268321991e-02 8.519659750163555145e-03 1.251628156751394272e-02 5.311181023716926575e-02 1.402356103062629700e-02 1.012555975466966629e-02 5.407883599400520325e-02 8.669869974255561829e-03 3.395555168390274048e-02 1.108660548925399780e-02 -4.465686082839965820e-01 8.061259984970092773e-02 2.465979568660259247e-02
2.475914359092712402e-02 1.914421655237674713e-02 3.900342807173728943e-02 2.073650620877742767e-02 8.814422413706779480e-03 1.322628557682037354e-02 1.456764433532953262e-02 1.155506540089845657e-02 7.861140370368957520e-02 2.306409180164337158e-02 4.094367101788520813e-02 1.418874785304069519e-02 9.808699600398540497e-03 2.036348432302474976e-01 1.112704630941152573e-02 5.043025314807891846e-02 1.989146135747432709e-02 3.229667618870735168e-02 -6.622684001922607422e-01 2.646488137543201447e-02
1.344485282897949219e-01 1.315824035555124283e-02 1.234056986868381500e-02 1.276289857923984528e-02 1.709926128387451172e-02 1.480861939489841461e-02 3.125584125518798828e-02 1.913747563958168030e-02 4.619805607944726944e-03 2.778158783912658691e-01 1.417492926120758057e-01 2.509818412363529205e-02 4.030155017971992493e-02 2.642536722123622894e-02 1.675549708306789398e-02 3.047403693199157715e-02 7.670876383781433105e-02 4.941579885780811310e-03 1.323705539107322693e-02 -9.131385087966918945e-01
