-9.059307575225830078e-01 4.967995733022689819e-02 2.036824077367782593e-02 5.752019211649894714e-02 2.187537960708141327e-02 4.813086241483688354e-02 8.558230847120285034e-02 8.614524453878402710e-02 1.707372069358825684e-02 2.316911704838275909e-02 4.069811850786209106e-02 3.754907101392745972e-02 1.311090867966413498e-02 1.031346246600151062e-02 6.012617796659469604e-02 1.345104426145553589e-01 8.961921185255050659e-02 3.864640602841973305e-03 8.666327223181724548e-03 9.792739152908325195e-02
6.678061932325363159e-02 -7.509441375732421875e-01 2.266242355108261108e-02 2.579456008970737457e-02 1.051834132522344589e-02 9.743693470954895020e-02 5.188382416963577271e-02 3.573555499315261841e-02 5.566768720746040344e-02 1.419000979512929916e-02 4.188766330480575562e-02 1.219395324587821960e-01 8.604574017226696014e-03 1.018113736063241959e-02 2.394220605492591858e-02 5.750777199864387512e-02 5.529965087771415710e-02 9.646506048738956451e-03 1.257327385246753693e-02 2.869185991585254669e-02
4.755391180515289307e-02 3.936133533716201782e-02 -8.819971084594726562e-01 1.675071418285369873e-01 8.590367622673511505e-03 5.377797782421112061e-02 6.223996728658676147e-02 7.573967427015304565e-02 5.862382054328918457e-02 1.613532379269599915e-02 1.839484833180904388e-02 8.292192965745925903e-02 8.298836648464202881e-03 7.840569131076335907e-03 1.371786091476678848e-02 1.073536053299903870e-01 7.592009007930755615e-02 2.291929442435503006e-03 1.815277151763439178e-02 1.757516711950302124e-02
8.994394540786743164e-02 3.000616468489170074e-02 1.121895015239715576e-01 -8.278813958168029785e-01 2.476995112374424934e-03 4.010580852627754211e-02 2.077342569828033447e-01 8.627814054489135742e-02 3.391364216804504395e-02 7.144816685467958450e-03 1.539939269423484802e-02 3.081251867115497589e-02 2.556759631261229515e-03 5.932920146733522415e-03 3.177757561206817627e-02 6.485092639923095703e-02 4.586646705865859985e-02 1.456208177842199802e-03 6.571053061634302139e-03 1.286432333290576935e-02
1.054566949605941772e-01 3.772215917706489563e-02 1.773771084845066071e-02 7.636459078639745712e-03 -6.104671359062194824e-01 1.658714003860950470e-02 6.766701117157936096e-03 2.091547101736068726e-02 2.225792966783046722e-02 2.135692909359931946e-02 4.037022590637207031e-02 7.615839131176471710e-03 8.522293530404567719e-03 3.053507395088672638e-02 3.732132492586970329e-03 8.953553438186645508e-02 5.390837788581848145e-02 1.200109906494617462e-02 3.919102251529693604e-02 6.861840188503265381e-02
9.941686689853668213e-02 1.497237831354141235e-01 4.757821187376976013e-02 5.297757312655448914e-02 7.107050158083438873e-03 -1.099924445152282715e+00 1.781966239213943481e-01 3.299110010266304016e-02 7.202313840389251709e-02 1.647835411131381989e-02 5.602131411433219910e-02 1.342117339372634888e-01 2.537858672440052032e-02 9.725547395646572113e-03 2.876462042331695557e-02 6.683363765478134155e-02 6.883037090301513672e-02 5.110740195959806442e-03 9.529548697173595428e-03 3.902557864785194397e-02
1.138220131397247314e-01 5.133398622274398804e-02 3.545511513948440552e-02 1.766846328973770142e-01 1.866812584921717644e-03 1.147374883294105530e-01 -8.750847578048706055e-01 4.329598695039749146e-02 2.127111516892910004e-02 1.230633445084095001e-02 1.748955436050891876e-02 7.979471236467361450e-02 5.794685799628496170e-03 4.738779272884130478e-03 3.464892506599426270e-02 5.767332762479782104e-02 5.867839232087135315e-02 3.258790588006377220e-03 6.812255829572677612e-03 3.542188555002212524e-02
8.823969215154647827e-02 2.723102457821369171e-02 3.322947025299072266e-02 5.651735886931419373e-02 4.444079473614692688e-03 1.636036857962608337e-02 3.334556892514228821e-02 -4.025077819824218750e-01 1.079347636550664902e-02 3.488223766908049583e-03 9.298137389123439789e-03 1.507353223860263824e-02 2.557605737820267677e-03 2.363729756325483322e-03 1.438283920288085938e-02 5.273909121751785278e-02 1.790674589574337006e-02 2.155007328838109970e-03 2.840215805917978287e-03 9.541561827063560486e-03
2.930395305156707764e-02 7.107747346162796021e-02 4.309625178575515747e-02 3.722381591796875000e-02 7.924362085759639740e-03 5.984580889344215393e-02 2.745023742318153381e-02 1.808534190058708191e-02 -5.422306656837463379e-01 1.064321305602788925e-02 2.445280179381370544e-02 2.360855974256992340e-02 4.949222318828105927e-03 2.960789762437343597e-02 1.206085179001092911e-02 3.386482223868370056e-02 2.006467245519161224e-02 8.288324810564517975e-03 6.604645401239395142e-02 1.463662367314100266e-02
3.088834881782531738e-02 1.407338865101337433e-02 9.213618002831935883e-03 6.091506220400333405e-03 5.906164180487394333e-03 1.063561625778675079e-02 1.233592443168163300e-02 4.540010821074247360e-03 8.267227560281753540e-03 -8.474702239036560059e-01 2.210225611925125122e-01 1.458300929516553879e-02 5.676215887069702148e-02 3.277914598584175110e-02 5.755530670285224915e-03 1.406596973538398743e-02 4.708646982908248901e-02 3.430099226534366608e-03 1.214266475290060043e-02 3.378907442092895508e-01
3.380819037556648254e-02 2.588597126305103302e-02 6.545021198689937592e-03 8.180870674550533295e-03 6.956491153687238693e-03 2.253017015755176544e-02 1.092405989766120911e-02 7.540685124695301056e-03 1.183526869863271713e-02 1.377206295728683472e-01 -5.976665616035461426e-01 1.236320007592439651e-02 7.223464548587799072e-02 6.521030515432357788e-02 1.055891718715429306e-02 1.298665814101696014e-02 2.264813333749771118e-02 8.995540440082550049e-03 1.884522661566734314e-02 1.018965318799018860e-01
8.336564153432846069e-02 2.014017254114151001e-01 7.885415852069854736e-02 4.374853149056434631e-02 3.507415065541863441e-03 1.442586928606033325e-01 1.332047879695892334e-01 3.267158940434455872e-02 3.053932078182697296e-02 2.428565546870231628e-02 3.304237499833106995e-02 -1.065845966339111328e+00 1.493944134563207626e-02 7.323995698243379593e-03 3.454069048166275024e-02 6.783755868673324585e-02 8.823433518409729004e-02 3.594594541937112808e-03 9.823667816817760468e-03 3.067177161574363708e-02
3.489127755165100098e-02 1.703508011996746063e-02 9.459507651627063751e-03 4.351332783699035645e-03 4.704592749476432800e-03 3.269753977656364441e-02 1.159502565860748291e-02 6.644846405833959579e-03 7.674020249396562576e-03 1.133072599768638611e-01 2.314099520444869995e-01 1.790731586515903473e-02 -7.006806731224060059e-01 3.934924304485321045e-02 6.051846314221620560e-03 1.550696231424808502e-02 3.979843854904174805e-02 4.138841293752193451e-03 1.804980635643005371e-02 8.610776066780090332e-02
1.342020556330680847e-02 9.855570271611213684e-03 4.369880538433790207e-03 4.937096033245325089e-03 8.242048323154449463e-03 6.126780994236469269e-03 4.636378493160009384e-03 3.002754179760813713e-03 2.244730293750762939e-02 3.199389204382896423e-02 1.021464541554450989e-01 4.292544908821582794e-03 1.924008689820766449e-02 -4.511995315551757812e-01 3.048104234039783478e-03 1.469966117292642593e-02 8.899337612092494965e-03 2.169793285429477692e-02 1.410651057958602905e-01 2.707840129733085632e-02
1.454759389162063599e-01 4.309456422924995422e-02 1.421612501144409180e-02 4.916960373520851135e-02 1.873122062534093857e-03 3.369378671050071716e-02 6.303403526544570923e-02 3.397343680262565613e-02 1.700229197740554810e-02 1.044546253979206085e-02 3.075384162366390228e-02 3.764182329177856445e-02 5.502136889845132828e-03 5.667645949870347977e-03 -6.360070705413818359e-01 6.832478195428848267e-02 4.577066376805305481e-02 2.018464263528585434e-03 3.913120366632938385e-03 2.443619817495346069e-02
1.847483366727828979e-01 5.876001343131065369e-02 6.315510720014572144e-02 5.696251243352890015e-02 2.550947293639183044e-02 4.444094374775886536e-02 5.956036224961280823e-02 7.071711122989654541e-02 2.710037492215633392e-02 1.449135504662990570e-02 2.147209271788597107e-02 4.196689650416374207e-02 8.003265596926212311e-03 1.551590859889984131e-02 3.878601640462875366e-02 -9.580745697021484375e-01 1.848664879798889160e-01 6.294057238847017288e-03 1.114737521857023239e-02 2.457697130739688873e-02
1.395075619220733643e-01 6.403977423906326294e-02 5.061982572078704834e-02 4.566046223044395447e-02 1.740741916000843048e-02 5.187287554144859314e-02 6.868036836385726929e-02 2.721326239407062531e-02 1.819829270243644714e-02 5.498035252094268799e-02 4.244059324264526367e-02 6.186518445611000061e-02 2.327976375818252563e-02 1.064632181078195572e-02 2.944802865386009216e-02 2.095223069190979004e-01 -1.035352230072021484e+00 4.362289328128099442e-03 8.929911069571971893e-03 1.066776737570762634e-01
1.337156631052494049e-02 2.482984401285648346e-02 3.396578831598162651e-03 3.222144674509763718e-03 8.613420650362968445e-03 8.560922928154468536e-03 8.477883413434028625e-03 7.279293611645698547e-03 1.670866832137107849e-02 8.902143687009811401e-03 3.746734187006950378e-02 5.601897835731506348e-03 5.381060764193534851e-03 5.769482254981994629e-02 2.886467380449175835e-03 1.585547626018524170e-02 9.695964865386486053e-03 -2.922340035438537598e-01 4.035924002528190613e-02 1.392926089465618134e-02
1.408348698168992996e-02 1.520037464797496796e-02 1.263529434800148010e-02 6.829021964222192764e-03 1.321122888475656509e-02 7.497406564652919769e-03 8.323843590915203094e-03 4.506027325987815857e-03 6.253549456596374512e-02 1.480143889784812927e-02 3.686624765396118164e-02 7.190530188381671906e-03 1.102208252996206284e-02 1.761732995510101318e-01 2.628274960443377495e-03 1.318934559822082520e-02 9.322356432676315308e-03 1.895592361688613892e-02 -4.550442099571228027e-01 2.007255144417285919e-02
9.642614424228668213e-02 2.101745270192623138e-02 7.412374485284090042e-03 8.100763894617557526e-03 1.401563175022602081e-02 1.860388182103633881e-02 2.622527629137039185e-02 9.172282181680202484e-03 8.397180587053298950e-03 2.495638430118560791e-01 1.207820698618888855e-01 1.360321603715419769e-02 3.186022862792015076e-02 2.049080282449722290e-02 9.944815188646316528e-03 1.761953532695770264e-02 6.747883558273315430e-02 3.964108414947986603e-03 1.216236595064401627e-02 -7.568407654762268066e-01
