-1.065479636192321777e+00 2.435344830155372620e-02 1.988142542541027069e-02 4.219039902091026306e-02 1.988262683153152466e-02 3.341884911060333252e-02 9.198223054409027100e-02 1.182160526514053345e-01 7.722274400293827057e-03 9.457977488636970520e-03 3.436930477619171143e-02 5.628271773457527161e-02 1.741473004221916199e-02 8.082423359155654907e-03 6.571326404809951782e-02 2.345087677240371704e-01 1.296250522136688232e-01 1.613136962987482548e-03 8.464361540973186493e-03 1.423006206750869751e-01
4.794606938958168030e-02 -9.283275604248046875e-01 2.483270503580570221e-02 8.441694080829620361e-03 1.016583293676376343e-02 1.112300604581832886e-01 2.541648037731647491e-02 4.844288900494575500e-02 5.198800936341285706e-02 9.032086469233036041e-03 4.290685802698135376e-02 3.321107923984527588e-01 1.339887827634811401e-02 4.017890430986881256e-03 3.106358274817466736e-02 8.536536991596221924e-02 3.388342261314392090e-02 1.683058589696884155e-02 1.348673645406961441e-02 1.776765100657939911e-02
4.406301304697990417e-02 2.795491181313991547e-02 -1.386519432067871094e+00 3.103513121604919434e-01 5.140712950378656387e-03 5.683615431189537048e-02 5.513003095984458923e-02 9.407354891300201416e-02 9.695453941822052002e-02 2.683272026479244232e-02 1.131183374673128128e-02 1.871139407157897949e-01 3.903224598616361618e-03 3.640529233962297440e-03 8.981247432529926300e-03 2.768162488937377930e-01 1.238983348011970520e-01 1.027520163916051388e-03 3.850940987467765808e-02 1.398027129471302032e-02
6.406178325414657593e-02 6.510620471090078354e-03 2.126239985227584839e-01 -9.434711337089538574e-01 5.754633457399904728e-04 2.275094948709011078e-02 3.584587872028350830e-01 7.196167111396789551e-02 2.276881039142608643e-02 1.890880870632827282e-03 7.286956999450922012e-03 2.983037196099758148e-02 2.012806711718440056e-03 1.805679872632026672e-03 1.932276226580142975e-02 7.455576956272125244e-02 2.279797010123729706e-02 1.862219651229679585e-03 1.149016618728637695e-02 1.090344227850437164e-02
8.931805938482284546e-02 2.319615148007869720e-02 1.041986886411905289e-02 1.702541951090097427e-03 -4.650503098964691162e-01 3.687559626996517181e-03 1.358772744424641132e-03 2.560592815279960632e-02 6.006123498082160950e-03 8.156850934028625488e-03 3.322477266192436218e-02 4.506204277276992798e-03 7.782011758536100388e-03 1.521265693008899689e-02 4.960716702044010162e-03 9.769730269908905029e-02 3.148087859153747559e-02 1.024635136127471924e-02 1.939334161579608917e-02 7.109422981739044189e-02
7.894105464220046997e-02 1.334569156169891357e-01 6.057723984122276306e-02 3.539367020130157471e-02 1.939032110385596752e-03 -1.317109107971191406e+00 3.183546066284179688e-01 2.768794074654579163e-02 1.049103438854217529e-01 5.646703299134969711e-03 7.502312213182449341e-02 2.419840097427368164e-01 3.013334982097148895e-02 3.896621987223625183e-03 4.266094416379928589e-02 7.162743061780929565e-02 5.228312686085700989e-02 3.066948847845196724e-03 8.072535507380962372e-03 2.145346440374851227e-02
1.373416632413864136e-01 1.927619054913520813e-02 3.714154288172721863e-02 3.524943888187408447e-01 4.516267508734017611e-04 2.012324780225753784e-01 -1.179955244064331055e+00 4.733037576079368591e-02 1.406845636665821075e-02 6.149958819150924683e-03 1.331061869859695435e-02 1.608404666185379028e-01 6.164404097944498062e-03 3.111491911113262177e-03 3.094547614455223083e-02 4.908391460776329041e-02 5.026963725686073303e-02 2.229719189926981926e-03 6.907596718519926071e-03 4.160518944263458252e-02
1.229660287499427795e-01 2.559447288513183594e-02 4.415191709995269775e-02 4.929746687412261963e-02 5.929030943661928177e-03 1.219236385077238083e-02 3.297238051891326904e-02 -4.745918810367584229e-01 6.158871576189994812e-03 1.438076957128942013e-03 5.330912303179502487e-03 2.316474542021751404e-02 3.444731701165437698e-03 1.920749782584607601e-03 1.113702356815338135e-02 9.330757707357406616e-02 1.380209252238273621e-02 4.847834818065166473e-03 3.671887097880244255e-03 1.326376013457775116e-02
2.737344801425933838e-02 9.360409528017044067e-02 1.550692617893218994e-01 5.315440148115158081e-02 4.739286378026008606e-03 1.574313044548034668e-01 3.339891135692596436e-02 2.098827064037322998e-02 -9.456539750099182129e-01 6.740787066519260406e-03 4.317549988627433777e-02 5.523530021309852600e-02 7.884255610406398773e-03 2.583552896976470947e-02 3.195611387491226196e-02 5.129124224185943604e-02 2.899898961186408997e-02 3.726481692865490913e-03 1.366321295499801636e-01 8.418735116720199585e-03
1.688033901154994965e-02 8.188010193407535553e-03 2.160831354558467865e-02 2.222601789981126785e-03 3.240707563236355782e-03 4.266447387635707855e-03 7.351174019277095795e-03 2.467494923621416092e-03 3.393979510292410851e-03 -1.175548315048217773e+00 2.734243273735046387e-01 2.001716569066047668e-02 8.305190503597259521e-02 4.072527959942817688e-02 4.572590347379446030e-03 2.218916639685630798e-02 8.894845843315124512e-02 3.031556261703372002e-03 1.490889396518468857e-02 5.550598502159118652e-01
3.456117212772369385e-02 2.191552519798278809e-02 5.132442340254783630e-03 4.825903102755546570e-03 7.437281310558319092e-03 3.193753585219383240e-02 8.964325301349163055e-03 5.153597798198461533e-03 1.224816031754016876e-02 1.540536731481552124e-01 -6.924469470977783203e-01 1.608853973448276520e-02 9.448858350515365601e-02 8.140040189027786255e-02 1.906003803014755249e-02 2.398191578686237335e-02 1.988154649734497070e-02 9.535533376038074493e-03 1.406915299594402313e-02 1.277116388082504272e-01
7.858056575059890747e-02 2.355214655399322510e-01 1.178744360804557800e-01 2.742921747267246246e-02 1.400507637299597263e-03 1.430261135101318359e-01 1.503962725400924683e-01 3.109273687005043030e-02 2.175567671656608582e-02 1.565884798765182495e-02 2.233772911131381989e-02 -1.072456121444702148e+00 1.830943301320075989e-02 3.399896668270230293e-03 2.547410875558853149e-02 6.712695211172103882e-02 8.470622450113296509e-02 1.980189001187682152e-03 4.644779488444328308e-03 2.174083516001701355e-02
7.750597596168518066e-02 3.028965555131435394e-02 7.838182151317596436e-03 5.899771116673946381e-03 7.709830533713102341e-03 5.677464231848716736e-02 1.837431639432907104e-02 1.473890338093042374e-02 9.899082593619823456e-03 2.071024477481842041e-01 4.181961715221405029e-01 5.836510658264160156e-02 -1.262349486351013184e+00 4.584811627864837646e-02 7.875911891460418701e-03 3.449494391679763794e-02 9.303716570138931274e-02 7.457430008798837662e-03 1.524011697620153427e-02 1.457017511129379272e-01
1.824564859271049500e-02 4.607052542269229889e-03 3.708135336637496948e-03 2.684559905901551247e-03 7.644643541425466537e-03 3.723870031535625458e-03 4.704223945736885071e-03 4.168499726802110672e-03 1.645321771502494812e-02 5.151087790727615356e-02 1.827370226383209229e-01 5.497222766280174255e-03 2.325523644685745239e-02 -6.814386844635009766e-01 7.480410858988761902e-03 3.805520012974739075e-02 1.038223132491111755e-02 2.194744721055030823e-02 2.284749150276184082e-01 4.615824297070503235e-02
1.245329901576042175e-01 2.990131825208663940e-02 7.679649163037538528e-03 2.411655336618423462e-02 2.092715818434953690e-03 3.422554582357406616e-02 3.927626460790634155e-02 2.029045671224594116e-02 1.708445511758327484e-02 4.855241160839796066e-03 3.592008724808692932e-02 3.457723557949066162e-02 3.353619249537587166e-03 6.279703695327043533e-03 -5.771795511245727539e-01 1.123961061239242554e-01 4.863931611180305481e-02 1.979181775823235512e-03 7.634446490556001663e-03 2.234459482133388519e-02
2.922953367233276367e-01 5.404455214738845825e-02 1.556781679391860962e-01 6.120102107524871826e-02 2.710689790546894073e-02 3.779468312859535217e-02 4.097354784607887268e-02 1.118075028061866760e-01 1.803523302078247070e-02 1.549604535102844238e-02 2.972548268735408783e-02 5.992658808827400208e-02 9.660503827035427094e-03 2.101159654557704926e-02 7.392352819442749023e-02 -1.327632308006286621e+00 2.669384181499481201e-01 7.589836604893207550e-03 2.785216085612773895e-02 1.657124608755111694e-02
1.840332746505737305e-01 2.443442307412624359e-02 7.936814427375793457e-02 2.131661400198936462e-02 9.949212893843650818e-03 3.142371401190757751e-02 4.779855906963348389e-02 1.883838325738906860e-02 1.161464769393205643e-02 7.075594365596771240e-02 2.806983515620231628e-02 8.613558858633041382e-02 2.967873960733413696e-02 6.529507227241992950e-03 3.643875196576118469e-02 3.040575087070465088e-01 -1.100959777832031250e+00 1.553333364427089691e-03 1.026741601526737213e-02 9.869618713855743408e-02
9.743065573275089264e-03 5.163343250751495361e-02 2.800193615257740021e-03 7.407470140606164932e-03 1.377615705132484436e-02 7.841865532100200653e-03 9.019368328154087067e-03 2.814902924001216888e-02 6.349493749439716339e-03 1.025904901325702667e-02 5.727322027087211609e-02 8.566253818571567535e-03 1.012033876031637192e-02 5.872062593698501587e-02 6.307811010628938675e-03 3.677850216627120972e-02 6.608176510781049728e-03 -4.453418850898742676e-01 8.788125962018966675e-02 2.610657364130020142e-02
2.078961394727230072e-02 1.682544499635696411e-02 4.267685860395431519e-02 1.858630962669849396e-02 1.060325838625431061e-02 8.393648080527782440e-03 1.136268209666013718e-02 8.670274168252944946e-03 9.467185288667678833e-02 2.051704563200473785e-02 3.436389937996864319e-02 8.171037770807743073e-03 8.410505019128322601e-03 2.485839426517486572e-01 9.894603863358497620e-03 5.488432943820953369e-02 1.776257716119289398e-02 3.573749959468841553e-02 -6.933670043945312500e-01 2.246163785457611084e-02
1.740667521953582764e-01 1.103942655026912689e-02 7.716102991253137589e-03 8.783898316323757172e-03 1.935877464711666107e-02 1.110951323062181473e-02 3.408459573984146118e-02 1.559793110936880112e-02 2.905170666053891182e-03 3.804223239421844482e-01 1.553537547588348389e-01 1.904781535267829895e-02 4.004564881324768066e-02 2.501154877245426178e-02 1.442281901836395264e-02 1.626303046941757202e-02 8.503583818674087524e-02 5.287307314574718475e-03 1.118660345673561096e-02 -1.036738872528076172e+00
