-9.460055828094482422e-01 2.761694788932800293e-02 2.961105667054653168e-02 4.411733150482177734e-02 1.755354180932044983e-02 3.444619849324226379e-02 7.733793556690216064e-02 9.753254801034927368e-02 1.031218189746141434e-02 2.188064903020858765e-02 3.681956604123115540e-02 5.510691553354263306e-02 1.697712205350399017e-02 1.009314600378274918e-02 5.659531801939010620e-02 1.779865622520446777e-01 1.111384779214859009e-01 2.585663227364420891e-03 1.043211203068494797e-02 1.078623309731483459e-01
5.205315724015235901e-02 -8.436899185180664062e-01 3.224649652838706970e-02 1.662815734744071960e-02 9.530409239232540131e-03 9.242516010999679565e-02 3.813181445002555847e-02 4.459914192557334900e-02 4.533569514751434326e-02 1.258353609591722488e-02 3.998137637972831726e-02 2.470104396343231201e-01 1.367265637964010239e-02 6.057919468730688095e-03 2.936008013784885406e-02 7.438166439533233643e-02 4.003203660249710083e-02 1.403457857668399811e-02 1.392007991671562195e-02 2.170552313327789307e-02
5.887807160615921021e-02 3.401815518736839294e-02 -1.128100633621215820e+00 2.110638320446014404e-01 5.909447092562913895e-03 5.236010253429412842e-02 6.623195856809616089e-02 7.639054954051971436e-02 7.208979874849319458e-02 2.282927744090557098e-02 1.608980633318424225e-02 1.351341605186462402e-01 6.515644025057554245e-03 7.257359102368354797e-03 1.518405415117740631e-02 1.935447007417678833e-01 1.014699861407279968e-01 1.998999388888478279e-03 3.166086599230766296e-02 1.947397366166114807e-02
6.697703152894973755e-02 1.339335367083549500e-02 1.611501723527908325e-01 -8.633452057838439941e-01 1.901350100524723530e-03 3.547263517975807190e-02 2.624023556709289551e-01 6.639768928289413452e-02 2.417488954961299896e-02 6.127835251390933990e-03 1.086487993597984314e-02 4.624932631850242615e-02 3.693359671160578728e-03 3.716710489243268967e-03 2.127441205084323883e-02 7.504686713218688965e-02 3.363887220621109009e-02 2.179655013605952263e-03 1.282609626650810242e-02 1.585771143436431885e-02
8.006449788808822632e-02 2.306297607719898224e-02 1.355571486055850983e-02 5.712427198886871338e-03 -4.718514680862426758e-01 6.764544174075126648e-03 6.172565743327140808e-03 2.736071869730949402e-02 7.158264052122831345e-03 1.511889696121215820e-02 3.365076705813407898e-02 1.004495006054639816e-02 8.535344153642654419e-03 1.612670347094535828e-02 8.016259409487247467e-03 8.459620177745819092e-02 3.496243059635162354e-02 9.777847677469253540e-03 1.868613064289093018e-02 6.248420849442481995e-02
7.331674546003341675e-02 1.043711975216865540e-01 5.604832991957664490e-02 4.973231628537178040e-02 3.156641265377402306e-03 -1.088770151138305664e+00 2.186042219400405884e-01 3.049069829285144806e-02 7.786685228347778320e-02 1.168864034116268158e-02 5.883225053548812866e-02 1.793314814567565918e-01 2.488244697451591492e-02 6.207013502717018127e-03 3.686274215579032898e-02 6.668025255203247070e-02 5.073469504714012146e-02 3.527070861309766769e-03 1.125652063637971878e-02 2.518001012504100800e-02
1.109396070241928101e-01 2.902084589004516602e-02 4.778173565864562988e-02 2.479391694068908691e-01 1.941263792105019093e-03 1.473298221826553345e-01 -1.003653883934020996e+00 4.718789830803871155e-02 1.882963068783283234e-02 1.082273852080106735e-02 1.825512573122978210e-02 1.265538185834884644e-01 8.147033862769603729e-03 4.640747327357530594e-03 3.017858974635601044e-02 5.577143654227256775e-02 5.021968483924865723e-02 2.544868271797895432e-03 8.472685702145099640e-03 3.707713633775711060e-02
1.092826798558235168e-01 2.651287987828254700e-02 4.304688796401023865e-02 4.900474101305007935e-02 6.721312645822763443e-03 1.605118997395038605e-02 3.685856238007545471e-02 -4.974230825901031494e-01 8.383168838918209076e-03 4.559311550110578537e-03 8.886941708624362946e-03 2.859990485012531281e-02 4.487757571041584015e-03 3.465768648311495781e-03 1.453768461942672729e-02 8.563080430030822754e-02 2.406425587832927704e-02 4.801432136446237564e-03 5.425726994872093201e-03 1.710207760334014893e-02
3.364849090576171875e-02 7.848449796438217163e-02 1.183012053370475769e-01 5.195924639701843262e-02 5.120914429426193237e-03 1.193729043006896973e-01 4.283144325017929077e-02 2.441301569342613220e-02 -8.587489128112792969e-01 1.032355520874261856e-02 3.868244215846061707e-02 6.076025962829589844e-02 9.079681709408760071e-03 2.738100290298461914e-02 2.872731722891330719e-02 5.308653786778450012e-02 3.267663344740867615e-02 4.684648476541042328e-03 1.059015169739723206e-01 1.331355515867471695e-02
3.657165542244911194e-02 1.115875504910945892e-02 1.919008605182170868e-02 6.746443454176187515e-03 5.540249403566122055e-03 9.178814478218555450e-03 1.261036284267902374e-02 6.801143288612365723e-03 5.288088694214820862e-03 -9.550238847732543945e-01 2.099905908107757568e-01 2.152230776846408844e-02 6.650244444608688354e-02 3.748286515474319458e-02 7.848368026316165924e-03 2.693521976470947266e-02 7.389947026968002319e-02 3.796522738412022591e-03 1.569862477481365204e-02 3.782618045806884766e-01
3.926374018192291260e-02 2.262035012245178223e-02 8.629072457551956177e-03 7.631699554622173309e-03 7.867427542805671692e-03 2.947586588561534882e-02 1.357074733823537827e-02 8.457918651401996613e-03 1.264188624918460846e-02 1.339764147996902466e-01 -6.805112957954406738e-01 2.108725346624851227e-02 8.028098940849304199e-02 7.155036181211471558e-02 1.864513941109180450e-02 2.730664238333702087e-02 2.728089131414890289e-02 9.348918683826923370e-03 1.783721707761287689e-02 1.230387091636657715e-01
7.478219270706176758e-02 1.778426617383956909e-01 9.222687780857086182e-02 4.134098812937736511e-02 2.988578286021947861e-03 1.143369823694229126e-01 1.197218224406242371e-01 3.463816270232200623e-02 2.526950277388095856e-02 1.747416518628597260e-02 2.683484554290771484e-02 -9.566408991813659668e-01 1.697579212486743927e-02 5.372886080294847488e-03 2.618372254073619843e-02 6.914646923542022705e-02 7.400149852037429810e-02 2.949813380837440491e-03 7.909737527370452881e-03 2.664421498775482178e-02
6.543553620576858521e-02 2.795961126685142517e-02 1.263011526316404343e-02 9.376798756420612335e-03 7.212659344077110291e-03 4.505892470479011536e-02 2.189047262072563171e-02 1.543750893324613571e-02 1.072519645094871521e-02 1.533567011356353760e-01 2.901678979396820068e-01 4.821560531854629517e-02 -1.014151215553283691e+00 3.959074243903160095e-02 1.071886066347360611e-02 3.646811097860336304e-02 7.350439578294754028e-02 6.977533455938100815e-03 1.544530037790536880e-02 1.239792108535766602e-01
2.272598072886466980e-02 7.236826233565807343e-03 8.218167349696159363e-03 5.512367468327283859e-03 7.960977964103221893e-03 6.566242314875125885e-03 7.284335326403379440e-03 6.964562460780143738e-03 1.889428310096263885e-02 5.049453675746917725e-02 1.510757952928543091e-01 8.914801292121410370e-03 2.312810719013214111e-02 -6.378976702690124512e-01 8.918946608901023865e-03 3.476424887776374817e-02 1.518462598323822021e-02 2.035508118569850922e-02 1.855651885271072388e-01 4.813261702656745911e-02
1.090330556035041809e-01 3.000983037054538727e-02 1.471179723739624023e-02 2.699718996882438660e-02 3.385900286957621574e-03 3.336594253778457642e-02 4.053055495023727417e-02 2.499603293836116791e-02 1.696124486625194550e-02 9.046331979334354401e-03 3.368451446294784546e-02 3.717209026217460632e-02 5.357678513973951340e-03 7.631241343915462494e-03 -5.789007544517517090e-01 9.823714196681976318e-02 5.044303834438323975e-02 2.401105826720595360e-03 9.005965664982795715e-03 2.593006938695907593e-02
2.106415033340454102e-01 4.670369252562522888e-02 1.151962503790855408e-01 5.850226804614067078e-02 2.194989286363124847e-02 3.707593679428100586e-02 4.601236432790756226e-02 9.044508635997772217e-02 1.925422996282577515e-02 1.907185092568397522e-02 3.030484542250633240e-02 6.030241400003433228e-02 1.119748223572969437e-02 1.827231422066688538e-02 6.034687906503677368e-02 -1.097340464591979980e+00 1.923827081918716431e-01 6.632588803768157959e-03 2.418756484985351562e-02 2.886058017611503601e-02
1.507482379674911499e-01 2.880872786045074463e-02 6.921906024217605591e-02 3.005470894277095795e-02 1.039714552462100983e-02 3.233188018202781677e-02 4.748623445630073547e-02 2.913120388984680176e-02 1.358345150947570801e-02 5.997146293520927429e-02 3.470030799508094788e-02 7.396670430898666382e-02 2.586731873452663422e-02 9.147360920906066895e-03 3.551496192812919617e-02 2.204941362142562866e-01 -9.691829681396484375e-01 2.413224661722779274e-03 1.202679704874753952e-02 8.332003653049468994e-02
1.575513184070587158e-02 4.537096992135047913e-02 6.125804036855697632e-03 8.748250082135200500e-03 1.306225452572107315e-02 1.009723357856273651e-02 1.080989278852939606e-02 2.611073479056358337e-02 8.748067542910575867e-03 1.384049560874700546e-02 5.341933667659759521e-02 1.324501913040876389e-02 1.103068236261606216e-02 5.508417636156082153e-02 7.594230119138956070e-03 3.414887562394142151e-02 1.084076892584562302e-02 -4.487878978252410889e-01 7.845569401979446411e-02 2.630029059946537018e-02
2.534904889762401581e-02 1.794567331671714783e-02 3.869123384356498718e-02 2.052897587418556213e-02 9.954824112355709076e-03 1.285084616392850876e-02 1.435213536024093628e-02 1.176645420491695404e-02 7.886360585689544678e-02 2.282267808914184570e-02 4.064466804265975952e-02 1.416313555091619492e-02 9.737246669828891754e-03 2.002580016851425171e-01 1.135905180126428604e-02 4.966206848621368408e-02 2.154525555670261383e-02 3.128699213266372681e-02 -6.574307084083557129e-01 2.564881183207035065e-02
1.320379823446273804e-01 1.409704051911830902e-02 1.198902912437915802e-02 1.278653740882873535e-02 1.676965504884719849e-02 1.448181830346584320e-02 3.164034709334373474e-02 1.868426986038684845e-02 4.994684830307960510e-03 2.770366072654724121e-01 1.412400454282760620e-01 2.403476834297180176e-02 3.937570005655288696e-02 2.616811916232109070e-02 1.647612638771533966e-02 2.985227108001708984e-02 7.519531250000000000e-02 5.283716600388288498e-03 1.292132120579481125e-02 -9.050652980804443359e-01
