-9.435754418373107910e-01 2.803841419517993927e-02 2.983982861042022705e-02 4.477877169847488403e-02 1.788282953202724457e-02 3.465543687343597412e-02 7.688873261213302612e-02 9.667466580867767334e-02 1.068287622183561325e-02 2.261696197092533112e-02 3.737870231270790100e-02 5.529038235545158386e-02 1.702514290809631348e-02 1.014814712107181549e-02 5.642110481858253479e-02 1.750705242156982422e-01 1.106436401605606079e-01 2.540772547945380211e-03 1.055567245930433273e-02 1.064428091049194336e-01
5.280331894755363464e-02 -8.406256437301635742e-01 3.253857791423797607e-02 1.756928674876689911e-02 9.248822927474975586e-03 9.209988266229629517e-02 3.909609466791152954e-02 4.428907111287117004e-02 4.455795884132385254e-02 1.295787561684846878e-02 3.927391394972801208e-02 2.424176186323165894e-01 1.370332948863506317e-02 6.480419542640447617e-03 2.969646640121936798e-02 7.440861314535140991e-02 4.001523926854133606e-02 1.384036149829626083e-02 1.425497513264417648e-02 2.137378975749015808e-02
5.896284058690071106e-02 3.414073586463928223e-02 -1.110697627067565918e+00 2.054635584354400635e-01 6.010077893733978271e-03 5.129361152648925781e-02 6.670121103525161743e-02 7.577931880950927734e-02 7.026004046201705933e-02 2.295210398733615875e-02 1.649012975394725800e-02 1.322875171899795532e-01 6.401006132364273071e-03 7.187733892351388931e-03 1.553361304104328156e-02 1.882877796888351440e-01 9.917132556438446045e-02 2.080646343529224396e-03 3.163440525531768799e-02 2.005998976528644562e-02
6.755886971950531006e-02 1.407526433467864990e-02 1.568783372640609741e-01 -8.579844236373901367e-01 1.955064013600349426e-03 3.608303889632225037e-02 2.562553882598876953e-01 6.621444225311279297e-02 2.447666786611080170e-02 6.288042291998863220e-03 1.134920772165060043e-02 4.664866998791694641e-02 3.807738889008760452e-03 3.839431330561637878e-03 2.136552520096302032e-02 7.514191418886184692e-02 3.444739803671836853e-02 2.241878537461161613e-03 1.303473860025405884e-02 1.632281951606273651e-02
8.120743930339813232e-02 2.230171300470829010e-02 1.381203159689903259e-02 5.884509999305009842e-03 -4.730936288833618164e-01 6.628267467021942139e-03 6.482848431915044785e-03 2.747958153486251831e-02 7.138349115848541260e-03 1.504650246351957321e-02 3.371320664882659912e-02 1.049658004194498062e-02 8.778274059295654297e-03 1.590335369110107422e-02 8.372579701244831085e-03 8.350995182991027832e-02 3.571392595767974854e-02 9.616167284548282623e-03 1.901157572865486145e-02 6.199678778648376465e-02
7.330821454524993896e-02 1.034504920244216919e-01 5.491138994693756104e-02 5.059110000729560852e-02 3.087604884058237076e-03 -1.076767563819885254e+00 2.127162814140319824e-01 3.073751367628574371e-02 7.646867632865905762e-02 1.210033055394887924e-02 5.776429548859596252e-02 1.762830018997192383e-01 2.421388588845729828e-02 6.639358121901750565e-03 3.673299029469490051e-02 6.659744679927825928e-02 5.103383213281631470e-02 3.437055973336100578e-03 1.138212345540523529e-02 2.531199902296066284e-02
1.100312992930412292e-01 2.970838546752929688e-02 4.830645397305488586e-02 2.430615574121475220e-01 2.042959677055478096e-03 1.439040452241897583e-01 -9.973888397216796875e-01 4.723048955202102661e-02 1.884124241769313812e-02 1.115879323333501816e-02 1.898937858641147614e-02 1.257916539907455444e-01 8.220714516937732697e-03 4.756312351673841476e-03 2.999888546764850616e-02 5.664879083633422852e-02 5.025653913617134094e-02 2.576573519036173820e-03 8.719069883227348328e-03 3.714565560221672058e-02
1.086540073156356812e-01 2.643150463700294495e-02 4.310242831707000732e-02 4.932596907019615173e-02 6.801170296967029572e-03 1.633129455149173737e-02 3.709386289119720459e-02 -5.005066990852355957e-01 8.519711904227733612e-03 4.915288183838129044e-03 9.353311732411384583e-03 2.921774983406066895e-02 4.572701640427112579e-03 3.431603312492370605e-03 1.487569697201251984e-02 8.540283888578414917e-02 2.456090040504932404e-02 4.861353430896997452e-03 5.606243852525949478e-03 1.744906790554523468e-02
3.463872149586677551e-02 7.671692222356796265e-02 1.152922064065933228e-01 5.260362848639488220e-02 5.096967797726392746e-03 1.172130554914474487e-01 4.269034415483474731e-02 2.457907237112522125e-02 -8.554184436798095703e-01 1.055968459695577621e-02 3.899302706122398376e-02 6.096151843667030334e-02 9.125945158302783966e-03 2.730794623494148254e-02 2.886678837239742279e-02 5.491876602172851562e-02 3.356761857867240906e-02 4.642305895686149597e-03 1.040362641215324402e-01 1.360762491822242737e-02
3.760553896427154541e-02 1.144046336412429810e-02 1.931336708366870880e-02 6.929833907634019852e-03 5.509264301508665085e-03 9.511161595582962036e-03 1.296526193618774414e-02 7.271658163517713547e-03 5.414955317974090576e-03 -9.468105435371398926e-01 2.067869752645492554e-01 2.190252393484115601e-02 6.635544449090957642e-02 3.710626810789108276e-02 8.064468391239643097e-03 2.798194624483585358e-02 7.321804016828536987e-02 3.864771686494350433e-03 1.563774421811103821e-02 3.699308633804321289e-01
4.000929743051528931e-02 2.232200093567371368e-02 8.932616561651229858e-03 8.051782846450805664e-03 7.946524769067764282e-03 2.922906726598739624e-02 1.420345343649387360e-02 8.907770738005638123e-03 1.287211664021015167e-02 1.331196874380111694e-01 -6.817263960838317871e-01 2.138791978359222412e-02 7.966437935829162598e-02 7.072282582521438599e-02 1.893299631774425507e-02 2.771437540650367737e-02 2.783839218318462372e-02 9.369329549372196198e-03 1.835704036056995392e-02 1.221447736024856567e-01
7.481509447097778320e-02 1.741790920495986938e-01 9.058919548988342285e-02 4.183778166770935059e-02 3.127719974145293236e-03 1.127635687589645386e-01 1.189427450299263000e-01 3.517655283212661743e-02 2.544027194380760193e-02 1.782445237040519714e-02 2.703780494630336761e-02 -9.519192576408386230e-01 1.685190759599208832e-02 5.400320980697870255e-03 2.666566893458366394e-02 6.992199271917343140e-02 7.394541054964065552e-02 3.014941932633519173e-03 7.944343611598014832e-03 2.644033171236515045e-02
6.538959592580795288e-02 2.794706635177135468e-02 1.244182325899600983e-02 9.693370200693607330e-03 7.424504030495882034e-03 4.396439716219902039e-02 2.206347696483135223e-02 1.562635228037834167e-02 1.080990862101316452e-02 1.532769501209259033e-01 2.858546972274780273e-01 4.783296585083007812e-02 -1.008708596229553223e+00 3.968566656112670898e-02 1.102250255644321442e-02 3.708587959408760071e-02 7.229891419410705566e-02 6.730564869940280914e-03 1.576439477503299713e-02 1.237954869866371155e-01
2.287510223686695099e-02 7.756603416055440903e-03 8.199477568268775940e-03 5.736314225941896439e-03 7.894150912761688232e-03 7.074913010001182556e-03 7.491920143365859985e-03 6.882405374199151993e-03 1.898417063057422638e-02 5.030439794063568115e-02 1.489358097314834595e-01 8.996140211820602417e-03 2.329121157526969910e-02 -6.387032270431518555e-01 9.087674319744110107e-03 3.522623330354690552e-02 1.578079164028167725e-02 2.053240500390529633e-02 1.848570406436920166e-01 4.879641905426979065e-02
1.084684208035469055e-01 3.031508065760135651e-02 1.511305011808872223e-02 2.722482383251190186e-02 3.544552717357873917e-03 3.338387608528137207e-02 4.030076786875724792e-02 2.544520422816276550e-02 1.711538061499595642e-02 9.324378333985805511e-03 3.400512412190437317e-02 3.788563236594200134e-02 5.517268087714910507e-03 7.750652264803647995e-03 -5.803718566894531250e-01 9.697856754064559937e-02 5.070598423480987549e-02 2.408570377156138420e-03 9.162642061710357666e-03 2.572193928062915802e-02
2.062593251466751099e-01 4.654960706830024719e-02 1.122640222311019897e-01 5.867763608694076538e-02 2.166602574288845062e-02 3.709170967340469360e-02 4.663775861263275146e-02 8.952406048774719238e-02 1.995481364428997040e-02 1.982717588543891907e-02 3.050485253334045410e-02 6.088000535964965820e-02 1.137604378163814545e-02 1.841155625879764557e-02 5.943121761083602905e-02 -1.087754726409912109e+00 1.883953362703323364e-01 6.567104719579219818e-03 2.422709017992019653e-02 2.950940653681755066e-02
1.496688574552536011e-01 2.874237671494483948e-02 6.789050996303558350e-02 3.088525868952274323e-02 1.063856482505798340e-02 3.263487294316291809e-02 4.750552028417587280e-02 2.956080064177513123e-02 1.400399208068847656e-02 5.956697091460227966e-02 3.518134355545043945e-02 7.392249256372451782e-02 2.546354569494724274e-02 9.470164775848388672e-03 3.567816317081451416e-02 2.163090109825134277e-01 -9.647276401519775391e-01 2.446437021717429161e-03 1.230352558195590973e-02 8.285523205995559692e-02
1.548684947192668915e-02 4.479576647281646729e-02 6.418203469365835190e-03 9.057309478521347046e-03 1.290742959827184677e-02 9.903818368911743164e-03 1.097454130649566650e-02 2.636461518704891205e-02 8.726847358047962189e-03 1.416783779859542847e-02 5.335425958037376404e-02 1.358115300536155701e-02 1.068146713078022003e-02 5.552145838737487793e-02 7.636509835720062256e-03 3.397587686777114868e-02 1.102367322891950607e-02 -4.491326510906219482e-01 7.835827767848968506e-02 2.619675360620021820e-02
2.547518536448478699e-02 1.826796308159828186e-02 3.863750398159027100e-02 2.085084095597267151e-02 1.010392326861619949e-02 1.298594102263450623e-02 1.470442675054073334e-02 1.203844323754310608e-02 7.743593305349349976e-02 2.269802056252956390e-02 4.139018803834915161e-02 1.416934747248888016e-02 9.905830025672912598e-03 1.979206949472427368e-01 1.150245219469070435e-02 4.962861537933349609e-02 2.195108495652675629e-02 3.102551773190498352e-02 -6.563490033149719238e-01 2.565708197653293610e-02
1.304970383644104004e-01 1.391419395804405212e-02 1.244608871638774872e-02 1.326383929699659348e-02 1.673762872815132141e-02 1.466997805982828140e-02 3.182283043861389160e-02 1.903370954096317291e-02 5.145089700818061829e-03 2.727641463279724121e-01 1.399015337228775024e-01 2.395584993064403534e-02 3.951583802700042725e-02 2.653969638049602509e-02 1.640311256051063538e-02 3.070748224854469299e-02 7.509295642375946045e-02 5.269075743854045868e-03 1.303347200155258179e-02 -9.007136225700378418e-01
