-9.453743696212768555e-01 2.797267585992813110e-02 2.973420359194278717e-02 4.488382861018180847e-02 1.769258640706539154e-02 3.450416401028633118e-02 7.748012989759445190e-02 9.701788425445556641e-02 1.059033535420894623e-02 2.223757654428482056e-02 3.714103251695632935e-02 5.540965124964714050e-02 1.713425479829311371e-02 1.016731467097997665e-02 5.665825679898262024e-02 1.757645308971405029e-01 1.110512912273406982e-01 2.570166718214750290e-03 1.046547293663024902e-02 1.068990379571914673e-01
5.276517942547798157e-02 -8.424589633941650391e-01 3.222997486591339111e-02 1.732001081109046936e-02 9.449963457882404327e-03 9.239131212234497070e-02 3.876912966370582581e-02 4.435861855745315552e-02 4.455507919192314148e-02 1.281964220106601715e-02 3.966310992836952209e-02 2.442933768033981323e-01 1.362405717372894287e-02 6.498321425169706345e-03 2.982250601053237915e-02 7.413589954376220703e-02 3.987919166684150696e-02 1.393975690007209778e-02 1.420441456139087677e-02 2.173933014273643494e-02
5.886157229542732239e-02 3.382377326488494873e-02 -1.116665720939636230e+00 2.074512243270874023e-01 6.100471131503582001e-03 5.151182785630226135e-02 6.672476232051849365e-02 7.587144523859024048e-02 7.074328511953353882e-02 2.300513163208961487e-02 1.655056327581405640e-02 1.329514086246490479e-01 6.553754676133394241e-03 7.155472878366708755e-03 1.560589857399463654e-02 1.898330897092819214e-01 1.000100597739219666e-01 2.142197685316205025e-03 3.182431310415267944e-02 1.994537562131881714e-02
6.782109290361404419e-02 1.387425325810909271e-02 1.583490073680877686e-01 -8.602994680404663086e-01 1.903870375826954842e-03 3.589778393507003784e-02 2.588388323783874512e-01 6.647602468729019165e-02 2.430953644216060638e-02 6.202766206115484238e-03 1.120281778275966644e-02 4.650077968835830688e-02 3.731881733983755112e-03 3.829560941085219383e-03 2.128636091947555542e-02 7.480367273092269897e-02 3.414669632911682129e-02 2.222310984507203102e-03 1.287976652383804321e-02 1.602249220013618469e-02
8.065764605998992920e-02 2.283867448568344116e-02 1.404889207333326340e-02 5.744029767811298370e-03 -4.745670557022094727e-01 6.608328316360712051e-03 6.519998423755168915e-03 2.754370681941509247e-02 7.262764032930135727e-03 1.536753028631210327e-02 3.385408222675323486e-02 1.032414566725492477e-02 8.515496738255023956e-03 1.615142263472080231e-02 8.324163965880870819e-03 8.389662206172943115e-02 3.568293526768684387e-02 9.791691787540912628e-03 1.917087845504283905e-02 6.226400658488273621e-02
7.310306280851364136e-02 1.037723571062088013e-01 5.513094738125801086e-02 5.033345893025398254e-02 3.071152837947010994e-03 -1.080829739570617676e+00 2.148092538118362427e-01 3.070483170449733734e-02 7.719092071056365967e-02 1.199623849242925644e-02 5.791488662362098694e-02 1.774063855409622192e-01 2.480874396860599518e-02 6.621865555644035339e-03 3.663246706128120422e-02 6.668438017368316650e-02 5.074021592736244202e-02 3.479667007923126221e-03 1.127433124929666519e-02 2.515466697514057159e-02
1.108254641294479370e-01 2.939827181398868561e-02 4.821261763572692871e-02 2.450212240219116211e-01 2.045702422037720680e-03 1.450234353542327881e-01 -1.001246452331542969e+00 4.716275259852409363e-02 1.888223551213741302e-02 1.090542785823345184e-02 1.901676505804061890e-02 1.262338459491729736e-01 8.231810294091701508e-03 4.760323092341423035e-03 3.010008670389652252e-02 5.634837597608566284e-02 5.046141147613525391e-02 2.588049042969942093e-03 8.768747560679912567e-03 3.725987672805786133e-02
1.091186776757240295e-01 2.644916065037250519e-02 4.310723021626472473e-02 4.948088526725769043e-02 6.795407272875308990e-03 1.630008965730667114e-02 3.708491101861000061e-02 -5.010648369789123535e-01 8.465370163321495056e-03 4.760043695569038391e-03 9.261131286621093750e-03 2.917395904660224915e-02 4.636312369257211685e-03 3.470108844339847565e-03 1.485612522810697556e-02 8.576101809740066528e-02 2.455555833876132965e-02 4.804020747542381287e-03 5.592994857579469681e-03 1.739180646836757660e-02
3.452352806925773621e-02 7.699973881244659424e-02 1.164971068501472473e-01 5.244537815451622009e-02 5.193416494876146317e-03 1.187702491879463196e-01 4.303379729390144348e-02 2.453601919114589691e-02 -8.599327206611633301e-01 1.057172287255525589e-02 3.902991861104965210e-02 6.167091801762580872e-02 9.320283308625221252e-03 2.735063061118125916e-02 2.910399436950683594e-02 5.413652583956718445e-02 3.342543914914131165e-02 4.680875223129987717e-03 1.049925759434700012e-01 1.365065760910511017e-02
3.713378310203552246e-02 1.134864985942840576e-02 1.940577104687690735e-02 6.854759994894266129e-03 5.629004444926977158e-03 9.455027058720588684e-03 1.273137237876653671e-02 7.067167200148105621e-03 5.415294319391250610e-03 -9.512843489646911621e-01 2.078529149293899536e-01 2.188368886709213257e-02 6.659490615129470825e-02 3.756701946258544922e-02 7.996574044227600098e-03 2.756484597921371460e-02 7.351794838905334473e-02 3.924524877220392227e-03 1.595010608434677124e-02 3.733910024166107178e-01
3.976627811789512634e-02 2.251304872334003448e-02 8.951549418270587921e-03 7.938041351735591888e-03 7.950928062200546265e-03 2.926760539412498474e-02 1.423470210283994675e-02 8.816123940050601959e-03 1.281897071748971939e-02 1.332709193229675293e-01 -6.828198432922363281e-01 2.137804590165615082e-02 7.985536009073257446e-02 7.103312015533447266e-02 1.889253035187721252e-02 2.777252905070781708e-02 2.781691215932369232e-02 9.374774992465972900e-03 1.832451298832893372e-02 1.228438764810562134e-01
7.515389472246170044e-02 1.756565570831298828e-01 9.109268337488174438e-02 4.173990339040756226e-02 3.071609884500503540e-03 1.135720163583755493e-01 1.196996048092842102e-01 3.518148511648178101e-02 2.565907873213291168e-02 1.777480915188789368e-02 2.708152309060096741e-02 -9.558083415031433105e-01 1.673067174851894379e-02 5.302070640027523041e-03 2.658209577202796936e-02 6.949216127395629883e-02 7.431516796350479126e-02 3.089392790570855141e-03 7.988872006535530090e-03 2.662480808794498444e-02
6.605947017669677734e-02 2.784600108861923218e-02 1.276393234729766846e-02 9.521882049739360809e-03 7.201544009149074554e-03 4.514510184526443481e-02 2.218788862228393555e-02 1.589260995388031006e-02 1.102283969521522522e-02 1.537549644708633423e-01 2.875497341156005859e-01 4.755729436874389648e-02 -1.012469410896301270e+00 3.937258571386337280e-02 1.116830017417669296e-02 3.672226518392562866e-02 7.255934178829193115e-02 6.702909246087074280e-03 1.580380462110042572e-02 1.236368119716644287e-01
2.298972569406032562e-02 7.789602037519216537e-03 8.173165842890739441e-03 5.730620585381984711e-03 8.010951802134513855e-03 7.067142985761165619e-03 7.525142747908830643e-03 6.976270116865634918e-03 1.897096447646617889e-02 5.086892843246459961e-02 1.500124931335449219e-01 8.839077316224575043e-03 2.309147268533706665e-02 -6.407638788223266602e-01 9.029964916408061981e-03 3.506211563944816589e-02 1.544599328190088272e-02 2.063634991645812988e-02 1.859367042779922485e-01 4.860719293355941772e-02
1.089432090520858765e-01 3.039958514273166656e-02 1.515829004347324371e-02 2.708716131746768951e-02 3.510939655825495720e-03 3.324597701430320740e-02 4.046276211738586426e-02 2.539774775505065918e-02 1.716659218072891235e-02 9.207870811223983765e-03 3.392861783504486084e-02 3.768426552414894104e-02 5.569987464696168900e-03 7.678837981075048447e-03 -5.810969471931457520e-01 9.754046052694320679e-02 5.060373619198799133e-02 2.437896095216274261e-03 9.133755229413509369e-03 2.593929320573806763e-02
2.078316807746887207e-01 4.647246003150939941e-02 1.133905649185180664e-01 5.853674560785293579e-02 2.176059596240520477e-02 3.721693530678749084e-02 4.658142104744911194e-02 9.016191959381103516e-02 1.963656023144721985e-02 1.951885782182216644e-02 3.067149966955184937e-02 6.058293208479881287e-02 1.126263849437236786e-02 1.833543181419372559e-02 5.998302623629570007e-02 -1.092458724975585938e+00 1.901727169752120972e-01 6.656648591160774231e-03 2.414130605757236481e-02 2.954482845962047577e-02
1.502159982919692993e-01 2.859733067452907562e-02 6.833776086568832397e-02 3.056795336306095123e-02 1.058763451874256134e-02 3.239521756768226624e-02 4.772025719285011292e-02 2.953215129673480988e-02 1.386960875242948532e-02 5.955308303236961365e-02 3.514313325285911560e-02 7.411462813615798950e-02 2.545751817524433136e-02 9.240189567208290100e-03 3.559903055429458618e-02 2.175505757331848145e-01 -9.659621119499206543e-01 2.535868901759386063e-03 1.211059838533401489e-02 8.283358812332153320e-02
1.563087850809097290e-02 4.494318738579750061e-02 6.581215187907218933e-03 8.944417349994182587e-03 1.306247897446155548e-02 9.988396428525447845e-03 1.100386865437030792e-02 2.597644180059432983e-02 8.732602931559085846e-03 1.429313514381647110e-02 5.325029417872428894e-02 1.385253109037876129e-02 1.057342346757650375e-02 5.550440773367881775e-02 7.710816338658332825e-03 3.423712030053138733e-02 1.140135247260332108e-02 -4.502247273921966553e-01 7.825604081153869629e-02 2.628211677074432373e-02
2.533861808478832245e-02 1.823198609054088593e-02 3.892311826348304749e-02 2.063750475645065308e-02 1.018150243908166885e-02 1.288400404155254364e-02 1.484268344938755035e-02 1.203985325992107391e-02 7.797892391681671143e-02 2.312628924846649170e-02 4.143769294023513794e-02 1.426078472286462784e-02 9.924666024744510651e-03 1.990955919027328491e-01 1.150102261453866959e-02 4.943155869841575623e-02 2.167689986526966095e-02 3.115442954003810883e-02 -6.580005884170532227e-01 2.533347532153129578e-02
1.310130953788757324e-01 1.412451826035976410e-02 1.234831195324659348e-02 1.299559231847524643e-02 1.673877798020839691e-02 1.455108821392059326e-02 3.192516416311264038e-02 1.895126886665821075e-02 5.132028367370367050e-03 2.740457355976104736e-01 1.406155824661254883e-01 2.405809983611106873e-02 3.930238261818885803e-02 2.634595334529876709e-02 1.653339713811874390e-02 3.062258660793304443e-02 7.505071163177490234e-02 5.296379793435335159e-03 1.282364781945943832e-02 -9.024743437767028809e-01
