-1.065153479576110840e+00 2.430651523172855377e-02 1.987305097281932831e-02 4.222087562084197998e-02 1.984942518174648285e-02 3.344079479575157166e-02 9.195366501808166504e-02 1.180613636970520020e-01 7.763337343931198120e-03 9.378435090184211731e-03 3.438767790794372559e-02 5.628220736980438232e-02 1.745835319161415100e-02 8.075315505266189575e-03 6.584537774324417114e-02 2.344182282686233521e-01 1.296039819717407227e-01 1.621246105059981346e-03 8.479853160679340363e-03 1.421337723731994629e-01
4.784050956368446350e-02 -9.280628561973571777e-01 2.483204752206802368e-02 8.420838974416255951e-03 1.016630511730909348e-02 1.114880219101905823e-01 2.538052387535572052e-02 4.838642105460166931e-02 5.206438899040222168e-02 9.013685397803783417e-03 4.296206682920455933e-02 3.319984078407287598e-01 1.337352767586708069e-02 3.961750306189060211e-03 3.109248168766498566e-02 8.523490279912948608e-02 3.384628146886825562e-02 1.679494418203830719e-02 1.345052756369113922e-02 1.775523461401462555e-02
4.405614733695983887e-02 2.796928770840167999e-02 -1.385848283767700195e+00 3.102043569087982178e-01 5.166601389646530151e-03 5.674709379673004150e-02 5.492504686117172241e-02 9.404364228248596191e-02 9.678093343973159790e-02 2.688920497894287109e-02 1.139719318598508835e-02 1.870751678943634033e-01 3.869671374559402466e-03 3.645795630291104317e-03 8.986665867269039154e-03 2.766728401184082031e-01 1.240193694829940796e-01 1.043609459884464741e-03 3.839226067066192627e-02 1.396336406469345093e-02
6.412379443645477295e-02 6.497917696833610535e-03 2.125190645456314087e-01 -9.438818693161010742e-01 5.762234213761985302e-04 2.276834473013877869e-02 3.585731089115142822e-01 7.215366512537002563e-02 2.274936996400356293e-02 1.897608162835240364e-03 7.284413557499647141e-03 2.981579117476940155e-02 2.050996758043766022e-03 1.816082047298550606e-03 1.937153376638889313e-02 7.468843460083007812e-02 2.279929816722869873e-02 1.869475701823830605e-03 1.146587077528238297e-02 1.086086314171552658e-02
8.903837949037551880e-02 2.316964231431484222e-02 1.045423559844493866e-02 1.701877219602465630e-03 -4.643276333808898926e-01 3.590427804738283157e-03 1.312558189965784550e-03 2.549919672310352325e-02 6.009626202285289764e-03 8.243399672210216522e-03 3.326651081442832947e-02 4.540448077023029327e-03 7.667555939406156540e-03 1.516281347721815109e-02 4.992758855223655701e-03 9.775871038436889648e-02 3.148369863629341125e-02 1.023330818861722946e-02 1.929858885705471039e-02 7.090389728546142578e-02
7.890360057353973389e-02 1.336519569158554077e-01 6.039789691567420959e-02 3.537200763821601868e-02 1.888587488792836666e-03 -1.315685391426086426e+00 3.177050948143005371e-01 2.761603146791458130e-02 1.048626080155372620e-01 5.579590797424316406e-03 7.490307092666625977e-02 2.418178617954254150e-01 3.010155446827411652e-02 3.911586478352546692e-03 4.266991093754768372e-02 7.151575386524200439e-02 5.227436497807502747e-02 3.060491289943456650e-03 8.061069995164871216e-03 2.139225415885448456e-02
1.373092979192733765e-01 1.925565861165523529e-02 3.699639439582824707e-02 3.525466918945312500e-01 4.369383677840232849e-04 2.010642737150192261e-01 -1.179371118545532227e+00 4.721752554178237915e-02 1.398900058120489120e-02 6.111225113272666931e-03 1.336394995450973511e-02 1.606253832578659058e-01 6.161045748740434647e-03 3.094151848927140236e-03 3.112726658582687378e-02 4.898517578840255737e-02 5.019373074173927307e-02 2.243586815893650055e-03 6.885035894811153412e-03 4.176476970314979553e-02
1.227974519133567810e-01 2.557007037103176117e-02 4.412340372800827026e-02 4.941376671195030212e-02 5.912603810429573059e-03 1.217370294034481049e-02 3.288924321532249451e-02 -4.743853807449340820e-01 6.107494700700044632e-03 1.449982868507504463e-03 5.336489528417587280e-03 2.319152839481830597e-02 3.396008862182497978e-03 1.924671465530991554e-03 1.114484760910272598e-02 9.335714578628540039e-02 1.379912346601486206e-02 4.862221423536539078e-03 3.648913465440273285e-03 1.328671071678400040e-02
2.751376107335090637e-02 9.374954551458358765e-02 1.547210067510604858e-01 5.308586359024047852e-02 4.748098086565732956e-03 1.575077623128890991e-01 3.320146724581718445e-02 2.081052586436271667e-02 -9.450377225875854492e-01 6.733006332069635391e-03 4.316357523202896118e-02 5.512178689241409302e-02 7.870743051171302795e-03 2.593277767300605774e-02 3.198771551251411438e-02 5.118786916136741638e-02 2.893917821347713470e-02 3.773951437324285507e-03 1.365764737129211426e-01 8.412635885179042816e-03
1.675467938184738159e-02 8.181539364159107208e-03 2.166914381086826324e-02 2.232134342193603516e-03 3.283090423792600632e-03 4.224622622132301331e-03 7.311442866921424866e-03 2.490502782166004181e-03 3.394010942429304123e-03 -1.175274491310119629e+00 2.734745442867279053e-01 2.019242942333221436e-02 8.312564343214035034e-02 4.077649861574172974e-02 4.577627871185541153e-03 2.220727130770683289e-02 8.896223455667495728e-02 3.044987795874476433e-03 1.487945020198822021e-02 5.544925928115844727e-01
3.457552194595336914e-02 2.194714173674583435e-02 5.169181618839502335e-03 4.822459071874618530e-03 7.456651888787746429e-03 3.191870823502540588e-02 8.998493663966655731e-03 5.158696789294481277e-03 1.224564854055643082e-02 1.539136320352554321e-01 -6.922176480293273926e-01 1.604490913450717926e-02 9.452972561120986938e-02 8.129356801509857178e-02 1.901514455676078796e-02 2.395978756248950958e-02 1.993894577026367188e-02 9.544150903820991516e-03 1.406663656234741211e-02 1.276186108589172363e-01
7.856775820255279541e-02 2.354702800512313843e-01 1.178005710244178772e-01 2.740485966205596924e-02 1.413001562468707561e-03 1.430676281452178955e-01 1.501607745885848999e-01 3.112583793699741364e-02 2.171175926923751831e-02 1.577814854681491852e-02 2.227637730538845062e-02 -1.072026968002319336e+00 1.826328411698341370e-02 3.404401708394289017e-03 2.550983056426048279e-02 6.708113849163055420e-02 8.461007475852966309e-02 1.993912970647215843e-03 4.678582772612571716e-03 2.170878648757934570e-02
7.763954997062683105e-02 3.021708875894546509e-02 7.762682624161243439e-03 6.005549337714910507e-03 7.601642049849033356e-03 5.673466250300407410e-02 1.834861375391483307e-02 1.452001184225082397e-02 9.876292198896408081e-03 2.069231122732162476e-01 4.181019961833953857e-01 5.818156152963638306e-02 -1.261204004287719727e+00 4.586694389581680298e-02 7.857545278966426849e-03 3.445244207978248596e-02 9.281518310308456421e-02 7.463188376277685165e-03 1.510377321392297745e-02 1.457320004701614380e-01
1.823935844004154205e-02 4.546361975371837616e-03 3.714499762281775475e-03 2.700806828215718269e-03 7.634850684553384781e-03 3.744404762983322144e-03 4.680160433053970337e-03 4.179507028311491013e-03 1.652713492512702942e-02 5.155303329229354858e-02 1.826166510581970215e-01 5.508300382643938065e-03 2.329539507627487183e-02 -6.814004778861999512e-01 7.465450093150138855e-03 3.808501735329627991e-02 1.045262068510055542e-02 2.195340022444725037e-02 2.283784449100494385e-01 4.612508416175842285e-02
1.247454732656478882e-01 2.992828190326690674e-02 7.679909933358430862e-03 2.416414953768253326e-02 2.108680550009012222e-03 3.426107764244079590e-02 3.949203714728355408e-02 2.029981464147567749e-02 1.709941402077674866e-02 4.854385275393724442e-03 3.582887724041938782e-02 3.462054207921028137e-02 3.347392659634351730e-03 6.261890288442373276e-03 -5.777052044868469238e-01 1.123252734541893005e-01 4.870793595910072327e-02 1.981216482818126678e-03 7.631102111190557480e-03 2.236775495111942291e-02
2.923200428485870361e-01 5.400221049785614014e-02 1.556294411420822144e-01 6.132373586297035217e-02 2.717649005353450775e-02 3.779625147581100464e-02 4.090731218457221985e-02 1.119265779852867126e-01 1.801078952848911285e-02 1.550088915973901749e-02 2.971558272838592529e-02 5.992311239242553711e-02 9.660675190389156342e-03 2.102671004831790924e-02 7.393416017293930054e-02 -1.328163862228393555e+00 2.673920691013336182e-01 7.558296900242567062e-03 2.785565145313739777e-02 1.650388352572917938e-02
1.840069591999053955e-01 2.441483177244663239e-02 7.942613214254379272e-02 2.131303958594799042e-02 9.964887052774429321e-03 3.145461902022361755e-02 4.772373661398887634e-02 1.883587613701820374e-02 1.159312762320041656e-02 7.069941610097885132e-02 2.815478295087814331e-02 8.605274558067321777e-02 2.963160537183284760e-02 6.570388097316026688e-03 3.650195524096488953e-02 3.044368326663970947e-01 -1.101190090179443359e+00 1.581837423145771027e-03 1.025121007114648819e-02 9.857603162527084351e-02
9.787078015506267548e-03 5.151212960481643677e-02 2.841842826455831528e-03 7.430737372487783432e-03 1.377180404961109161e-02 7.830238901078701019e-03 9.070182219147682190e-03 2.822001278400421143e-02 6.428340449929237366e-03 1.028925366699695587e-02 5.730274319648742676e-02 8.622576482594013214e-03 1.013091579079627991e-02 5.867536365985870361e-02 6.313010118901729584e-03 3.658986464142799377e-02 6.725893821567296982e-03 -4.455537199974060059e-01 8.783403038978576660e-02 2.617771737277507782e-02
2.083369717001914978e-02 1.678974926471710205e-02 4.254805296659469604e-02 1.854782924056053162e-02 1.056998316198587418e-02 8.393643423914909363e-03 1.132800150662660599e-02 8.619061671197414398e-03 9.467872232198715210e-02 2.046252042055130005e-02 3.437180817127227783e-02 8.234156295657157898e-03 8.344180881977081299e-03 2.484179884195327759e-01 9.896139614284038544e-03 5.488126724958419800e-02 1.773933134973049164e-02 3.574676439166069031e-02 -6.927707791328430176e-01 2.236786484718322754e-02
1.738949716091156006e-01 1.103679556399583817e-02 7.706156000494956970e-03 8.749073371291160583e-03 1.933884434401988983e-02 1.109241321682929993e-02 3.421911969780921936e-02 1.562879793345928192e-02 2.904158551245927811e-03 3.797341883182525635e-01 1.552879661321640015e-01 1.902619935572147369e-02 4.009266197681427002e-02 2.498485520482063293e-02 1.444483548402786255e-02 1.619230583310127258e-02 8.494643121957778931e-02 5.305391736328601837e-03 1.113874372094869614e-02 -1.035723924636840820e+00
