A	R	N	D	C	Q	E	G	H	I	L	K	M	F	P	S	T	W	Y	V	*
A	-1.0730640888214111	0.05986452102661133	0.06857415288686752	0.07763680070638657	0.09323131293058395	0.08329003304243088	0.12560217082500458	0.1254284381866455	0.03949945047497749	0.043332118541002274	0.046313099563121796	0.08522415161132812	0.0738455206155777	0.026805397123098373	0.12341263890266418	0.23170775175094604	0.17068758606910706	0.01894344761967659	0.029765134677290916	0.14812007546424866	0.0852579887411413
R	0.03177676722407341	-0.9596109390258789	0.03958692029118538	0.016954263672232628	0.025992481037974358	0.11648666858673096	0.03407352417707443	0.031121157109737396	0.0884927362203598	0.013653125613927841	0.026470381766557693	0.19666050374507904	0.031442996114492416	0.008720568381249905	0.03487806022167206	0.05283322557806969	0.03329741954803467	0.05190322548151016	0.02109651081264019	0.01622353494167328	0.045255914228235945
N	0.03470293805003166	0.03774133324623108	-1.2639341354370117	0.178358793258667	0.016363518312573433	0.06404126435518265	0.05597377568483353	0.0491490438580513	0.13215123116970062	0.02173023298382759	0.010481351986527443	0.10267381370067596	0.014515993185341358	0.009973599575459957	0.0175775233656168	0.12692183256149292	0.07718562334775925	0.007411274127662182	0.04386238008737564	0.014491816982626915	0.04314603237941085
D	0.05070294812321663	0.02085951901972294	0.2301729917526245	-0.9854192137718201	0.007000160403549671	0.05780244618654251	0.272756963968277	0.056662362068891525	0.05827640742063522	0.008427241817116737	0.009552567265927792	0.04858117178082466	0.010853186249732971	0.006636532489210367	0.031682923436164856	0.06632865220308304	0.03553955629467964	0.0099179120734334	0.023795999586582184	0.015200186520814896	0.05568019007659709
C	0.020206667482852936	0.010613054037094116	0.007008157204836607	0.0023231394588947296	-0.551356315612793	0.0037854246329516172	0.0026335001457482576	0.007808835711330175	0.0063046361319720745	0.006663850974291563	0.009328599087893963	0.0035549162421375513	0.008485492318868637	0.009326373226940632	0.003963424824178219	0.024714220315217972	0.011711536906659603	0.01544253434985876	0.011271808296442032	0.019235512241721153	0.0184785517141234
Q	0.03929968923330307	0.10354569554328918	0.05971042439341545	0.041761551052331924	0.008240959607064724	-1.2241504192352295	0.16264991462230682	0.01889798790216446	0.13261014223098755	0.01120003778487444	0.03340974450111389	0.12663772702217102	0.049641817808151245	0.008310814388096333	0.03802189603447914	0.042899295687675476	0.037103135138750076	0.011597542092204094	0.01535082422196865	0.01690024510025978	0.04022825203802963
E	0.0876661166548729	0.044803451746702194	0.07719932496547699	0.29150426387786865	0.008480766788125038	0.24059821665287018	-1.1332366466522217	0.043163035064935684	0.050049472600221634	0.015162449330091476	0.01631302200257778	0.13433720171451569	0.02573750913143158	0.00900685228407383	0.04678904637694359	0.052727628499269485	0.05361691862344742	0.0135609470307827	0.017182746902108192	0.03618635609745979	0.05950723181327855
G	0.110483817756176	0.051643796265125275	0.08554842323064804	0.07642435282468796	0.031736284494400024	0.03527948260307312	0.054472845047712326	-0.5786361694335938	0.028229014948010445	0.0083272410556674	0.010319853201508522	0.04025768116116524	0.01744016818702221	0.008588961325585842	0.028919631615281105	0.10155555605888367	0.03460310772061348	0.029650045558810234	0.013996152207255363	0.022477004677057266	0.07509961716156893
H	0.012133738026022911	0.05121190845966339	0.08021748065948486	0.02741137146949768	0.008935744874179363	0.08633448928594589	0.022027665749192238	0.009844566695392132	-0.9785724878311157	0.006328152026981115	0.014574137516319752	0.029073059558868408	0.013013750314712524	0.02213059924542904	0.020097292959690094	0.02217670902609825	0.01611894555389881	0.010524713434278965	0.08846421539783478	0.006090966518968344	0.02619019265802281
I	0.02596074342727661	0.01540987379848957	0.02572561800479889	0.007730846758931875	0.018420422449707985	0.014221017248928547	0.013014933094382286	0.005663770250976086	0.012341856956481934	-1.073820948600769	0.15193188190460205	0.02076168730854988	0.1698170155286789	0.057396966964006424	0.011011307127773762	0.022981958463788033	0.06754680722951889	0.016350893303751945	0.026654968038201332	0.3042025864124298	0.05107898907679911
L	0.04293734207749367	0.046232920140028	0.019201844930648804	0.013560817576944828	0.03990386053919792	0.06564603000879288	0.021668612957000732	0.01086181029677391	0.04398560896515846	0.2351110577583313	-0.7829984426498413	0.03145519271492958	0.3175170123577118	0.16983486711978912	0.03832152113318443	0.035050611943006516	0.040521323680877686	0.06122681498527527	0.0480346754193306	0.15981869399547577	0.07904355630468665
K	0.06272250413894653	0.272670179605484	0.1493188589811325	0.05474735051393509	0.012071388773620129	0.19752760231494904	0.14165189862251282	0.0336361899971962	0.06965429335832596	0.02550446055829525	0.024970179423689842	-1.0848780870437622	0.054922718554735184	0.010512346401810646	0.04396969452500343	0.06938357651233673	0.08395276963710785	0.01577548310160637	0.016942517831921577	0.0282557662576437	0.06274741474573396
M	0.01930118165910244	0.015482583083212376	0.007497228216379881	0.004343615844845772	0.010233022272586823	0.027498649433255196	0.00963810458779335	0.005174968857318163	0.01107283029705286	0.07408558577299118	0.08951490372419357	0.019505226984620094	-1.1367626190185547	0.02656017430126667	0.006475461646914482	0.013357579708099365	0.029439382255077362	0.012691700831055641	0.011521454900503159	0.044496022164821625	0.022284086235111703
F	0.011939220130443573	0.007317425217479467	0.008778087794780731	0.004526154138147831	0.019166097044944763	0.007845151238143444	0.005747674033045769	0.004343018867075443	0.03208804875612259	0.042671263217926025	0.08159231394529343	0.006361985579133034	0.04526108130812645	-0.7286128401756287	0.008966807276010513	0.020834801718592644	0.010954653844237328	0.06384358555078506	0.22578664124011993	0.03033558465540409	0.03797422244345589
P	0.06396087259054184	0.03405389562249184	0.018001416698098183	0.025142841041088104	0.009477471001446247	0.041763074696063995	0.03474276140332222	0.017015503719449043	0.03390694782137871	0.00952546950429678	0.02142230235040188	0.030963320285081863	0.012840021401643753	0.010433711111545563	-0.6686084270477295	0.06818920373916626	0.04094454273581505	0.009189140051603317	0.013453020714223385	0.019500533118844032	0.04418652341498872
S	0.19694888591766357	0.08460185676813126	0.2131785899400711	0.08632738143205643	0.09692304581403732	0.07728000730276108	0.06421206146478653	0.097997285425663	0.061362992972135544	0.032605648040771484	0.03213492035865784	0.08013254404067993	0.043439120054244995	0.03976020589470863	0.11183400452136993	-1.2332433462142944	0.2437012940645218	0.03936701640486717	0.057190295308828354	0.03552614897489548	0.07246829759990585
T	0.1264861673116684	0.046484850347042084	0.1130242869257927	0.04032621532678604	0.040042582899332047	0.05827142298221588	0.0569256916642189	0.029110759496688843	0.03888428956270218	0.08354850858449936	0.03238869085907936	0.08453088253736496	0.08346608281135559	0.01822577603161335	0.05854399874806404	0.21246425807476044	-1.0981271266937256	0.013037350960075855	0.025366168469190598	0.08587173372507095	0.06317949258514281
W	0.0030842123087495565	0.015919864177703857	0.002384362742304802	0.0024725201074033976	0.011600345373153687	0.004001797642558813	0.003163301618769765	0.005480344872921705	0.00557817192748189	0.004443442448973656	0.01075215544551611	0.0034898531157523394	0.007905790582299232	0.023337198421359062	0.0028867244254797697	0.007540579419583082	0.0028643987607210875	-0.520401656627655	0.03567904233932495	0.006044083274900913	0.013880986645598177
Y	0.012190611101686954	0.016277514398097992	0.03549801930785179	0.014922996051609516	0.0212999377399683	0.013324572704732418	0.010082672350108624	0.0065076411701738834	0.1179455816745758	0.018221687525510788	0.02121979184448719	0.009428332559764385	0.018053660169243813	0.2076166421175003	0.010631210170686245	0.027556685730814934	0.014019465073943138	0.08975230902433395	-0.7551031112670898	0.014938898384571075	0.034918273322240324
V	0.12055963277816772	0.024876730516552925	0.023308003321290016	0.01894398406147957	0.07223686575889587	0.029153114184737206	0.04219862073659897	0.02076938934624195	0.016138777136802673	0.41327938437461853	0.14030855894088745	0.031248874962329865	0.13856369256973267	0.05543533340096474	0.03062525764107704	0.03401912376284599	0.09431855380535126	0.030215738341212273	0.029688546434044838	-1.0239157676696777	0.06939418681592843
