A	R	N	D	C	Q	E	G	H	I	L	K	M	F	P	S	T	W	Y	V	*
A	-1.1050856287026944	0.06165095127574307	0.07062048916292708	0.0799535774357293	0.09601344890577077	0.08577550911284058	0.12935029264190942	0.12917137560993786	0.040678162205105825	0.04462520175612059	0.04769513888410514	0.08776734413645312	0.0760491609275399	0.02760530283418567	0.12709542241917957	0.23862219338662197	0.17578111161104842	0.019508743178219348	0.03065336256327627	0.1525401589924437	0.08525798874114135
R	0.03272502467632077	-0.9882468986807053	0.04076824222720662	0.017460199558070055	0.026768128342587044	0.11996277271009673	0.03509031965527411	0.03204985035734732	0.09113346729281278	0.014060551517846357	0.02726029021120763	0.20252909279707404	0.03238129343014774	0.008980800767289736	0.0359188640357264	0.054409833403761786	0.03429105511846206	0.05345208097116585	0.02172605640025263	0.016707664991837175	0.04525591422823598
N	0.035738516005107315	0.03886758061608238	-1.301651470074186	0.18368123697009803	0.016851825637087196	0.06595233371437596	0.05764410135230277	0.050615711212240865	0.13609478492696883	0.02237868961318463	0.010794128300768834	0.10573772540402142	0.014949168108948559	0.010271223939086102	0.01810205808011321	0.1307093346925514	0.07948893639498521	0.007632435577870357	0.045171286953132904	0.014924270458887716	0.04314603237941082
D	0.05221598587402746	0.021481992483472982	0.23704163427992805	-1.0148253237910594	0.007209053719310379	0.05952734160991936	0.28089636411277435	0.05835323599306652	0.060015446424733665	0.008678720981080199	0.009837627512432282	0.050030893140308216	0.011177058551448456	0.006834574704946142	0.03262838047543742	0.0683079800027167	0.036600099957549904	0.010213874654146847	0.02450610120839087	0.01565377860720539	0.055680190076597046
C	0.02080965906127831	0.010929760500996278	0.007217289154891388	0.002392464770968575	-0.5678094598686817	0.0038983863163351215	0.0027120869988756092	0.008041860883602401	0.006492774156010006	0.006862708406908265	0.00960697585107275	0.0036609992742770926	0.008738709748779478	0.00960468356771648	0.00408169825015158	0.0254517227623717	0.012061023437831869	0.015903358390755715	0.011608172790099755	0.01980952336445075	0.01847855171412341
Q	0.040472439844581515	0.10663562526315934	0.061492256211254176	0.04300776661993635	0.008486879882905385	-1.260680559306625	0.16750358625480552	0.019461926887346437	0.13656739045348298	0.011534260559018478	0.03440673198500308	0.13041675109776882	0.05112319013743034	0.008558819215717267	0.039156515739782426	0.04417946294147917	0.03821033789946409	0.011943626879216459	0.015808911520905508	0.017404569006090814	0.04022825203802964
E	0.09028218039230028	0.046140441337418944	0.07950304688567032	0.30020310629424446	0.008733843202440686	0.24777796059377263	-1.1670538089762004	0.04445107262310906	0.051543009845201535	0.015614915292730049	0.016799822455674237	0.13834598749632868	0.026505547763683482	0.009275627730595457	0.04818528853076696	0.05430108517946583	0.055216912804501396	0.01396562221346552	0.017695501005919625	0.03726620105453577	0.05950723181327854
G	0.11378078949660728	0.0531849100708635	0.08810129241600106	0.0787049486319383	0.0326833338926679	0.03633226535010004	0.05609838111616666	-0.5959033777665292	0.029071403149594836	0.008575736075063668	0.010627810195227369	0.041459019418832704	0.01796060405562946	0.008845266396728542	0.0297826286596961	0.10458609759166128	0.03563570661702141	0.030534839045270226	0.01441381444267822	0.023147745883641404	0.07509961716156892
H	0.012495823553026324	0.052740134207054576	0.0826112680230477	0.028229360193428667	0.009202398388949188	0.0889108156401682	0.02268499813467358	0.010138340560657431	-1.0077742832059173	0.006516991793978969	0.015009047537609087	0.02994063508006374	0.013402096480658057	0.02279100329185701	0.020697020669077318	0.02283848904456368	0.016599954529294976	0.010838783706954852	0.09110409537419252	0.006272728381409318	0.02619019265802282
I	0.026735443642915507	0.015869723208738543	0.026493301791343373	0.007961544645839194	0.018970110299900856	0.014645389731180883	0.013403314555914318	0.005832784056264505	0.012710153005951961	-1.1058650741000613	0.1564657143814583	0.021381241354835843	0.17488456218495052	0.059109762393328186	0.011339897949151766	0.023667768106627234	0.06956248625939776	0.01683882388261958	0.027450384762105557	0.31328036224545963	0.0510789890767991
L	0.044218644681927016	0.04761256680933191	0.019774851379794192	0.013965488896567395	0.041094640358394496	0.06760498753041053	0.02231523076967657	0.011185939950561035	0.04529819313077652	0.24212705819201286	-0.8063640702199831	0.03239385399200285	0.32699210688386043	0.1749029464892907	0.03946508201651014	0.03609656491067047	0.041730529352567595	0.06305389774601543	0.049468088661510756	0.16458787855477983	0.07904355630468654
K	0.064594220086449	0.28080698999885356	0.15377471567012457	0.05638107815997165	0.012431613722962634	0.2034220666447819	0.14587896387262503	0.03463993489060014	0.07173286234214689	0.026265544737167617	0.02571532000251277	-1.1172521710267216	0.05656167939678574	0.010826047627169115	0.045281803784336376	0.07145406697561943	0.08645802257501159	0.01624624273893561	0.01744810320757245	0.029098952750902577	0.062747414745734
M	0.019877152437261344	0.01594460222710983	0.007720954641325825	0.004473234634118154	0.010538388125587831	0.028319242637968207	0.009925717372204934	0.005329396233441633	0.011403257044764824	0.07629638992175708	0.09218613752041704	0.020087286723910695	-1.1706850006541523	0.027352762264559696	0.006668697312459993	0.013756186162081175	0.030317889291872065	0.013070436648008886	0.01186526915300702	0.045823837682228655	0.022284086235111706
F	0.012295501006433309	0.007535786101857944	0.009040036630204633	0.0046612200925054345	0.01973803673362387	0.008079260109984294	0.005919191629423391	0.004472619841803773	0.033045595228566094	0.0439446257049871	0.08402712800926518	0.006551834980551464	0.04661172712255309	-0.7503555351020097	0.009234387730698844	0.021456537587960258	0.011281554062605626	0.06574875593359417	0.23252438972359826	0.031240835463798945	0.03797422244345589
P	0.06586954296152524	0.03507010536070643	0.018538600906127054	0.025893134052953088	0.009760290283917852	0.04300933573105386	0.035779527735782676	0.01752326708291311	0.034918772458160094	0.009809721120577037	0.022061569954460587	0.03188730348952839	0.01322318328514398	0.010745065764029652	-0.6885605171742254	0.07022405266361859	0.04216637777977394	0.00946335518721586	0.013854475244117667	0.020082452787460653	0.0441865234149887
S	0.20282608064506666	0.08712647925690248	0.2195400988105239	0.08890349567925813	0.09981534759664426	0.07958613688220606	0.06612822761783752	0.10092164382718401	0.06319413944992916	0.03357864030653579	0.03309386553683152	0.08252379679204694	0.04473539632489407	0.04094669888427819	0.11517126748000452	-1.2700448303059877	0.2509736376163208	0.040541776140979625	0.058896923404141314	0.03658629254700728	0.07246829759990575
T	0.13026066866083744	0.0478720149206867	0.11639706936167032	0.04152959872746083	0.04123750236278075	0.06001031324459862	0.058624423664371414	0.029979460029964083	0.040044644141667744	0.08604169788002293	0.03335520885819132	0.08705338706861183	0.08595681242137718	0.01876965539552409	0.06029102300341859	0.2188044504119774	-1.1308965781630818	0.013426401398035146	0.026123125843622613	0.088434250889514	0.0631794925851428
W	0.0031762489619893853	0.01639493232226442	0.0024555150317528804	0.0025463031200410238	0.011946513813485235	0.004121216160187865	0.003257698393386665	0.0056438850414350285	0.005744631374500291	0.00457604018574656	0.011073012864933165	0.0035939945849246275	0.008141709006055469	0.02403360885737296	0.0029728677996544686	0.007765599497253718	0.002949875909856766	-0.535931076142841	0.03674374843572367	0.006224446084214205	0.01388098664559818
Y	0.012554393790564965	0.016763255261012664	0.036557323456424526	0.015368316436657252	0.021935553834956975	0.013722194189516502	0.010383551578229592	0.006701837111902473	0.12146522154208997	0.0187654448834178	0.02185301628830125	0.009709685491263656	0.01859240338610753	0.21381217568799343	0.010948458435737067	0.028379010809361234	0.01443782299371343	0.0924306272839792	-0.7776363081598101	0.015384693314610521	0.03491827332224033
V	0.12415727911569367	0.025619082466124425	0.024003542539945192	0.019509295628099353	0.07439250184987531	0.030023078633510718	0.04345787899612781	0.021389173230717165	0.016620377910796406	0.42561214476304915	0.14449553729811285	0.03218137946627848	0.142698601988417	0.05708959129462039	0.031539152644315324	0.03503429586640111	0.09713313437298562	0.031117412789565358	0.030574488833533076	-1.0544706617632087	0.06939418681592836
