A	R	N	D	C	Q	E	G	H	I	L	K	M	F	P	S	T	W	Y	V	*
A	-1.1069698620379516	0.06118514703345563	0.07057177024863316	0.07969093518750082	0.09540460603185116	0.08592898536180424	0.1298064278621886	0.12848209048991588	0.040560338381211467	0.044239123098503697	0.04711501715605378	0.08782424760535376	0.07640953571239374	0.02774526854997841	0.12723308105597983	0.2407057262386086	0.17648434080349049	0.019213786743906724	0.030725127475813817	0.15279329652386336	0.08519032143541817
R	0.032554070100579785	-0.9872824705859543	0.04058824316420034	0.016554715304536456	0.026495031937899604	0.12095987118790452	0.03520995815664918	0.031779885009563746	0.09150803671351296	0.014022733761572426	0.027079008576711826	0.20414932902333907	0.03283814312096501	0.008794713597659322	0.0357724674978147	0.054457976930850395	0.03442023990229379	0.05309954896576405	0.022013123605014402	0.016662529144267874	0.04532622121081491
N	0.03555130087700576	0.03842956609232324	-1.3102121275369678	0.1846790454078893	0.01645779111084993	0.06600910527410171	0.057224111343325744	0.05036562069966614	0.13636929337121728	0.02256836347565621	0.01049558562348631	0.1061233290410452	0.015416020865783848	0.01004577803499376	0.018048009107532015	0.13155707444148274	0.08046868325505681	0.007312248081801515	0.04476351503857693	0.014708204272680785	0.042915558880048756
D	0.052172313960714756	0.020370121348470948	0.24000722475959438	-1.0134693040131668	0.00702829933920278	0.059928945087625175	0.28398885676426305	0.05784862854007148	0.06023610569679815	0.008301404623968445	0.009459639274691012	0.04940939933089197	0.01120616024746618	0.006701081647265809	0.03233106687248259	0.06827307007070278	0.03606590451141817	0.010086297793297743	0.0246540525675197	0.015703164951470436	0.055772671067308
C	0.020868565750694887	0.010892520553691953	0.007146119360714439	0.0023482389155976328	-0.5603971970248443	0.0036995370276735468	0.0026263479022080607	0.007897673414811091	0.0064059317841698455	0.006797771845120029	0.009437832943082832	0.0036493854809210168	0.00871774352857057	0.00956778070858766	0.003966848146604423	0.02561995616384405	0.012112430265922125	0.015547514043763387	0.011642535435202755	0.019722843117121212	0.018634317561549173
Q	0.04039218169624438	0.10686602557290287	0.06159378903514702	0.0430291795287669	0.007950268398043659	-1.267682243115273	0.16824891884430707	0.019317920089191302	0.1381255641703386	0.011295474896686041	0.03438423366359966	0.13094153852477172	0.05153419796617673	0.008238970375982682	0.03907978331132677	0.04410098859881251	0.0383171648942971	0.011925136881798134	0.015694762941118354	0.017375444766552305	0.04004496217342184
E	0.09050510353672118	0.04614059195150751	0.07920114551112786	0.3024454163551165	0.008371550854596349	0.24955804857020075	-1.1698184220044168	0.044031106003489	0.051088382866574106	0.015346042592164466	0.01634317163233351	0.13892460273869023	0.025967796688468457	0.009191971962104289	0.04835690063690992	0.05452317960952773	0.055077206861767446	0.01322766272255529	0.017409460480699593	0.03658452247433151	0.05939737014527159
G	0.11397611269538627	0.052986382341370895	0.08869128432259268	0.07838502628699923	0.032029282967545314	0.036456417556003796	0.05602138940496472	-0.5903055334484953	0.02905768565456261	0.00822048002531368	0.010444475733802793	0.0411151892987809	0.018252573464043315	0.008588914783134912	0.029279707140145585	0.10495801731637215	0.03520611438511046	0.030320412444179292	0.014108738149751233	0.022950787544314306	0.07557209344941312
H	0.01243365870453348	0.052722651358674336	0.08298305895159797	0.02820479892529874	0.008977520501691856	0.09007697228215221	0.022461696735493843	0.010041234355921072	-1.0078199915128772	0.006385842981970809	0.014752372286005821	0.029870287661336283	0.013000487088772671	0.02245380119612102	0.020225141690698636	0.02281229737095801	0.01637441891578922	0.010634579147877438	0.09124797478546699	0.006452368517086796	0.026114853531431753
I	0.026500129927099495	0.015787555288397054	0.026835956585702456	0.007595595715106587	0.018615934672229363	0.014394227624908032	0.013184418212781763	0.005550951572192924	0.012478500625855565	-1.1088053544660592	0.1566097955883301	0.020961182341103987	0.17643280764134586	0.05939436132907807	0.011098860158584363	0.023143924584357146	0.0696490903624528	0.01640919797634057	0.02706465683233025	0.3166776543852156	0.05103072657049516
L	0.04386820330494335	0.04738751726256379	0.01939870169039299	0.013453456220955074	0.04017349023135052	0.0681070765472077	0.021824782959543147	0.010962407308941364	0.04480794720719711	0.24342653409839363	-0.8032453516647344	0.0320580301355305	0.33237348746727374	0.17543415918823901	0.03929175233595378	0.03593492508428823	0.041658654499140954	0.06213036123827801	0.04950857612445752	0.16523763167823896	0.07931965362688326
K	0.06467714275764018	0.28256935692692575	0.15513962785343693	0.0555795220750485	0.012286635483159008	0.20514276924920946	0.1467366607183949	0.03413244998811003	0.07175935421661604	0.02576977797537293	0.025356119103036843	-1.117314566108784	0.05660664106106765	0.01050839611531908	0.0447672797715234	0.07118089155959449	0.0868799111448979	0.016041542684636298	0.01716950555452851	0.02885750585995803	0.06273741547618147
M	0.0198685091626683	0.01604859583901281	0.007957296592864723	0.0044508544859842	0.010363313499380552	0.028507271297973737	0.00968447079022464	0.005350207067646374	0.011027575668229964	0.07658708966998633	0.09282258162019895	0.01998704833137125	-1.1787733780280036	0.027072533652036487	0.0063201291523975614	0.013538022314751293	0.030242817346222906	0.013237495747419623	0.01151610176710846	0.046097798793694966	0.02215174931516217
F	0.012371087178992764	0.007370234849001203	0.008891560832716557	0.004563863033192861	0.019503248948305383	0.007815095245608016	0.005878286262046049	0.0043170390293666835	0.03265964486019138	0.044210215773371066	0.08401224958071915	0.006362370080045855	0.04642266820745704	-0.7485137722470085	0.008996208968832213	0.021393781356097846	0.011243501822376677	0.06484288252565489	0.233192983247815	0.031148075462701805	0.037984745914285814
P	0.06608963727974894	0.03492391749130961	0.01860964694421987	0.025652056232110837	0.009420103338864201	0.0431844945224569	0.03602590266388969	0.017144659357063278	0.03427106495924355	0.009624323461506639	0.021920184620347453	0.031576038240271526	0.012625296091286592	0.010480306215627316	-0.6838223318240235	0.06999280840050268	0.04189938525149382	0.009541547175832209	0.013760246596722269	0.019804951734687454	0.0442510506193785
S	0.2046376377660889	0.08701644823304053	0.22201830739958128	0.08865788011755382	0.09957591349683773	0.07976086354200931	0.0664818933332899	0.10058738284159209	0.06326606677026593	0.03284691848466731	0.03281144679645233	0.08217243082966749	0.044262572600845415	0.04079131826723668	0.11455635580069631	-1.2730822928551733	0.25320344156223185	0.03999827415211807	0.05878226567109273	0.03631674388372676	0.07242514084500115
T	0.13042365270881814	0.047808464325090165	0.11804635892037108	0.040711376971068344	0.04092213129733031	0.06024013250507681	0.058377454961162326	0.029328983542485282	0.039474693397596836	0.08592590701663254	0.03306472388534283	0.08718326126193943	0.08595174847637119	0.018635147290034088	0.05961073987516724	0.22010031532087207	-1.1339139350979952	0.01341224383498746	0.02583257413691266	0.08837286695391346	0.06295648051027034
W	0.003146788952650454	0.016345047758917885	0.002377283778280585	0.002523220739002409	0.01164105554156109	0.004154898117252879	0.0031071401788333977	0.005597814697515415	0.005681690763601694	0.004486426012420968	0.010928687989515	0.003567503319321374	0.008337632378717154	0.02381760378548012	0.003008431376932465	0.007705428678875455	0.0029723905588542334	-0.5299317633236336	0.03675108174775003	0.006247829120130943	0.01395227038755157
Y	0.01258386322924587	0.016945044272400667	0.036393174202428984	0.015423304896048236	0.021799405331543203	0.013674688360597062	0.010226539295461181	0.006513841822187878	0.1219119367906969	0.018504669133976026	0.021777609399749792	0.009548642969449274	0.018138778690838096	0.21419869499442823	0.010849585958398548	0.028318321223357003	0.01431653060876691	0.0919042862959253	-0.7765860172132213	0.015474145430529229	0.0348907707611347
V	0.12434988632846174	0.025487231647795826	0.023761629902429023	0.019520774716154536	0.07338163380225028	0.030082878594886495	0.04270331173278698	0.021055589779616354	0.017130219214256164	0.43024619417986876	0.14443069730982966	0.031890655516634066	0.14427912624945657	0.056852996033247734	0.03102997932610802	0.03476552831237382	0.09732174116582339	0.031046710548108803	0.030748751695043663	-1.0571882616563195	0.06933162651897867
