A	R	N	D	C	Q	E	G	H	I	L	K	M	F	P	S	T	W	Y	V	*
A	-0.9913119077682495	0.05479242652654648	0.06319832056760788	0.07136470079421997	0.08543658256530762	0.07695098966360092	0.11624404788017273	0.11505807936191559	0.03632253035902977	0.03961694985628128	0.04219236597418785	0.07864823192358017	0.06842614710330963	0.024846399202942848	0.113939568400383	0.21555641293525696	0.1580449789762497	0.017206300050020218	0.02751491777598858	0.13682921230793	0.08519032143541816
R	0.029152769595384598	-0.8841296434402466	0.03634751960635185	0.014825052581727505	0.02372678928077221	0.10832179337739944	0.03153116628527641	0.028459472581744194	0.08194713294506073	0.012557616457343102	0.02424975112080574	0.18281948566436768	0.029407162219285965	0.007875828072428703	0.03203490376472473	0.048768121749162674	0.030823959037661552	0.04755162447690964	0.019713157787919044	0.014921601861715317	0.04532622121081487
N	0.031836844980716705	0.0344143845140934	-1.1733191013336182	0.1653834879398346	0.014738255180418491	0.059112370014190674	0.05124524608254433	0.04510334134101868	0.12212121486663818	0.0202103853225708	0.00939899031072855	0.09503539651632309	0.013805330730974674	0.008996179327368736	0.01616232469677925	0.11781178414821625	0.07206118851900101	0.006548252888023853	0.04008655250072479	0.013171467930078506	0.042915558880048735
D	0.04672126844525337	0.018241818994283676	0.21493089199066162	-0.9075804352760315	0.006293971557170153	0.053667474538087845	0.2543172538280487	0.05180451273918152	0.053942542523145676	0.007434060797095299	0.00847128126770258	0.04424702748656273	0.010035322979092598	0.006000942084938288	0.0289530660957098	0.0611397922039032	0.032297682017087936	0.009032465517520905	0.02207815833389759	0.014062473550438881	0.055772671067307954
C	0.018688185140490532	0.009754452854394913	0.0063994815573096275	0.0021028912160545588	-0.5018460154533386	0.003313003573566675	0.00235194293782115	0.007072512060403824	0.005736629944294691	0.006087529938668013	0.008451753295958042	0.0032680919393897057	0.007806899957358837	0.008568123914301395	0.0035523856058716774	0.02294314280152321	0.01084690447896719	0.013923085294663906	0.010426105000078678	0.01766216941177845	0.01863431756154917
Q	0.036171942949295044	0.09570049494504929	0.05515837296843529	0.038533423095941544	0.0071196118369698524	-1.1352328062057495	0.15067000687122345	0.017299553379416466	0.12369398772716522	0.01011530589312315	0.030791714787483215	0.11726056039333344	0.04614982381463051	0.007378149777650833	0.03499666601419449	0.039493247866630554	0.03431372717022896	0.010679179802536964	0.014054949395358562	0.015560030937194824	0.040044962173421836
E	0.08104898780584335	0.041319750249385834	0.07092608511447906	0.2708454430103302	0.0074968780390918255	0.2234838306903839	-1.0475939512252808	0.03943066671490669	0.045750588178634644	0.013742663897573948	0.014635611325502396	0.12440954148769379	0.0232546404004097	0.008231580257415771	0.04330449551343918	0.048826511949300766	0.04932265356183052	0.011845615692436695	0.015590492635965347	0.03276211395859718	0.05939737014527157
G	0.10206770896911621	0.04745028167963028	0.07942467927932739	0.07019523531198502	0.028682813048362732	0.03264739364385605	0.05016818642616272	-0.52862948179245	0.026021692901849747	0.007361591327935457	0.009353220462799072	0.03681940957903862	0.016345515847206116	0.00769153144210577	0.026220517233014107	0.09399183839559555	0.031527724117040634	0.027152488008141518	0.012634634971618652	0.020552853122353554	0.07557209344941318
H	0.011134570464491844	0.04721410572528839	0.07431285828351974	0.025257917121052742	0.008039535023272038	0.08066558837890625	0.02011486329138279	0.008992110379040241	-0.9025213718414307	0.005718640051782131	0.013211021199822426	0.026749392971396446	0.01164217572659254	0.02010779269039631	0.01811198703944683	0.02042883262038231	0.014663593843579292	0.009523461572825909	0.08171424269676208	0.005778214894235134	0.026114853531431725
I	0.023731354624032974	0.014138046652078629	0.024032093584537506	0.006801995914429426	0.016670912504196167	0.012890296056866646	0.011806889437139034	0.004970979411154985	0.011174727231264114	-0.9929556250572205	0.14024695754051208	0.018771125003695488	0.15799883008003235	0.0531887449324131	0.009939233772456646	0.020725810900330544	0.06237204372882843	0.014694739133119583	0.024236898869276047	0.2835906744003296	0.051030726570495136
L	0.039284784346818924	0.0424363948404789	0.017371894791722298	0.012047817930579185	0.0359761007130146	0.06099114194512367	0.01954449526965618	0.009817037731409073	0.040126342326402664	0.21799294650554657	-0.7193210124969482	0.028708556666970253	0.29764658212661743	0.1571045219898224	0.035186488181352615	0.032180387526750565	0.03730609267950058	0.055638883262872696	0.04433584213256836	0.14797334372997284	0.07931965362688322
K	0.05791957303881645	0.25304606556892395	0.13893039524555206	0.049772486090660095	0.01100290846079588	0.18370912969112396	0.13140538334846497	0.03056623786687851	0.06426182389259338	0.023077310994267464	0.02270687185227871	-1.0005757808685303	0.05069229006767273	0.009410462342202663	0.0400899238884449	0.06374379992485046	0.07780256122350693	0.014365497045218945	0.015375608578324318	0.02584242820739746	0.06273741547618145
M	0.01779261603951454	0.014371813274919987	0.007125905714929104	0.0039858222007751465	0.009280538186430931	0.025528786703944206	0.00867262203246355	0.0047912090085446835	0.009875397197902203	0.06858514994382858	0.08312433212995529	0.017898770049214363	-1.0556132793426514	0.024243952706456184	0.005659792106598616	0.012123548425734043	0.027083000168204308	0.011854421347379684	0.01031288132071495	0.041281428188085556	0.02215174931516216
F	0.01107853651046753	0.006600181106477976	0.007962556555867195	0.004087023437023163	0.017465518787503242	0.006998561788350344	0.005264113657176495	0.0038659879937767982	0.029247313737869263	0.03959106281399727	0.07523451745510101	0.0056976196356117725	0.04157235473394394	-0.6703078746795654	0.008056270889937878	0.01915852539241314	0.010068763047456741	0.05806799605488777	0.2088286131620407	0.0278936754912138	0.0379847459142858
P	0.0591844879090786	0.03127501159906387	0.016665281727910042	0.02297188900411129	0.008435876108705997	0.03867251053452492	0.03226185962557793	0.01535335835069418	0.030690370127558708	0.008618758991360664	0.019629929214715958	0.028276924043893814	0.011306185275316238	0.0093853073194623	-0.6123754978179932	0.06267984956502914	0.03752167150378227	0.00854463130235672	0.012322554364800453	0.01773569919168949	0.044251050619378514
S	0.18325677514076233	0.07792483270168304	0.19882148504257202	0.07939476519823074	0.08917206525802612	0.07142732292413712	0.059535760432481766	0.09007785469293594	0.05665592849254608	0.02941502071917057	0.029383255168795586	0.07358692586421967	0.03963794931769371	0.03652937710285187	0.10258732736110687	-1.1400686502456665	0.22674834728240967	0.03581919148564339	0.05264060199260712	0.03252231329679489	0.0724251408450012
T	0.11679678410291672	0.04281336069107056	0.10571268945932388	0.036457788199186325	0.0366465225815773	0.05394614860415459	0.05227808654308319	0.026264645159244537	0.035350315272808075	0.07694823294878006	0.02961006946861744	0.07807421684265137	0.0769713744521141	0.016688117757439613	0.0533825159072876	0.19710388779640198	-1.015440821647644	0.012010911479592323	0.023133546113967896	0.07913953065872192	0.06295648051027038
W	0.0028180074878036976	0.014637291431427002	0.0021289014257490635	0.0022595906630158424	0.010424779728055	0.0037207878194749355	0.0027825012803077698	0.005012946203351021	0.005088058765977621	0.004017677158117294	0.009786841459572315	0.003194764954969287	0.007466503418982029	0.021329103037714958	0.0026941057294607162	0.006900353357195854	0.002661830512806773	-0.4745636582374573	0.0329112708568573	0.00559504609555006	0.013952270387551556
Y	0.011269081383943558	0.01517459936439991	0.03259075805544853	0.013811853714287281	0.019521769136190414	0.012245935387909412	0.009158054366707802	0.005833265371620655	0.10917438566684723	0.016571272164583206	0.019502250477671623	0.008550985716283321	0.01624361053109169	0.19181887805461884	0.009716004133224487	0.02535957843065262	0.012820716947317123	0.08230198174715042	-0.6954470872879028	0.013857382349669933	0.034890770761134685
V	0.11135761439800262	0.022824285551905632	0.021278977394104004	0.017481213435530663	0.06571460515260696	0.026939772069454193	0.03824160248041153	0.018855668604373932	0.015340426936745644	0.3852933943271637	0.12934035062789917	0.028558669611811638	0.1292046159505844	0.05091290548443794	0.027787918224930763	0.031133171170949936	0.08715341240167618	0.027802901342511177	0.027536073699593544	-0.9467315673828125	0.0693316265189787
