A	R	N	D	C	Q	E	G	H	I	L	K	M	F	P	S	T	W	Y	V	*
A	-1.1069982889146508	0.061154133503856165	0.0706832705603997	0.0795977621986208	0.09531909825130876	0.08606053411121206	0.12987943307383432	0.12848876006288157	0.04043320044388421	0.04426219432477291	0.04714275869251425	0.08785406665195351	0.07632480277127221	0.027668120104622194	0.12725144255325022	0.24073146177017285	0.17651318422647538	0.01912844204234935	0.030724289387528424	0.152712139555035	0.08519153905560549
R	0.0325283857161148	-0.9874979038027554	0.04059071825819411	0.016516619985939007	0.026521949123447717	0.12095212042814332	0.035194523248361136	0.03180553821784911	0.09158876292578887	0.014088709412913502	0.027050479355857394	0.20418516191943667	0.032830194037732185	0.008737450002764898	0.035706447115989796	0.054558740909418584	0.03440966315533825	0.05305390675871262	0.022027680388048178	0.016609458300504795	0.04531407826147542
N	0.03559314146247447	0.03842729062306725	-1.3108047796698001	0.18461941969026063	0.01643622685177557	0.06609566579350708	0.05721461712124974	0.050386302033710036	0.1363700319899624	0.022555589885060984	0.01048133161202538	0.10610259482565226	0.015431619656601602	0.010035442704525626	0.018024014952309517	0.13159197657443134	0.08041812609912506	0.007324487512320321	0.04483384873811791	0.014679822188035676	0.04289889934296725
D	0.05213205826386907	0.020337077062206013	0.24012184995161412	-1.0132160502460874	0.007049093739059405	0.05992819689557399	0.28407262471360645	0.057846706332834064	0.060267511178480115	0.008332506494957452	0.00944697426219412	0.04944219735336415	0.011211657278908643	0.006690260713751136	0.03235689796954587	0.06826792818624612	0.03609935456445192	0.01011606156065156	0.024664318317015595	0.01569930784636773	0.05579566529158298
C	0.02084676402518632	0.010905044465319475	0.007138568796383966	0.0023538995862754835	-0.560419671480985	0.0037032760588080298	0.0026194274757842732	0.007899678424512764	0.006408946817718792	0.006800889869096143	0.009434612034612988	0.0036340606762275142	0.008750396850228902	0.009565942151138724	0.003961912797877969	0.0256030756440699	0.0120981723863525	0.015563038368997618	0.011667657401718512	0.019751874816671858	0.018631815517407842
Q	0.0404423150967299	0.10685842030263898	0.06168154641255147	0.042999076794828	0.007957183351678861	-1.2679290192975243	0.1682124486620445	0.019290521697521337	0.13801711612143486	0.011333742388155349	0.034399826192212574	0.1309554496690643	0.05153588141651824	0.008242185544578428	0.03905389027652362	0.04407531459758122	0.03833193212279017	0.011883525471944064	0.015630768501064894	0.017353103820395087	0.04003394855244394
E	0.09056271214417755	0.04613679265112604	0.07922575434666641	0.3024366232144409	0.008351349200081914	0.2495946242341218	-1.169691570821952	0.043999566821405996	0.05119461238141688	0.015362824116871333	0.016334019947156286	0.1388554565190325	0.02596226926021326	0.009178576741160842	0.04834815460220906	0.05449840542884275	0.055076181421810706	0.013313820587583989	0.01737287819291976	0.0365319461911409	0.059402604403686325
G	0.11399957700132299	0.05305229058946113	0.08877708890100204	0.07836329781459545	0.03204710811933454	0.036420850355638426	0.05598574612745509	-0.5902298501225443	0.029107433941273745	0.008227574561945906	0.010410603892296125	0.041140233861457265	0.01823470270349573	0.008583596784516164	0.029302500604045253	0.10491992911758105	0.035189927549204664	0.030259114795552808	0.014138794859172276	0.02295668652632255	0.0755848179397931
H	0.012394159338557052	0.052781830533995516	0.0830134049929039	0.028207087720577798	0.008982700865153776	0.09002850048997178	0.022505788848474956	0.010056451776185166	-1.0078771660425327	0.006396583461527848	0.014743904653188977	0.029902936824828426	0.013011747042660666	0.022464208605763123	0.02020774740657292	0.02281139155628194	0.016390100568739015	0.010711720376098454	0.09115138599349493	0.0064447237487747925	0.026114123370726303
I	0.02651360418249415	0.015866106219165746	0.02683121529870605	0.007620921394010621	0.018626998445439483	0.014446985469279307	0.013197690023707988	0.005554814911624772	0.012499852518887125	-1.108981464019405	0.15656478006871502	0.02095788694732429	0.1766127185830587	0.05936919645544666	0.011071394780021936	0.02312446791826725	0.06965992392789912	0.01642065316497299	0.027088594766444877	0.3166888162731331	0.051030787810343675
L	0.04388747780926853	0.04734388598997884	0.01937726213327023	0.013428093459708626	0.040159751829635125	0.06814750100481395	0.021807689506177595	0.010923542380146221	0.0447774272763718	0.2433233999789067	-0.8032269446493213	0.03205856125171171	0.3324083465501211	0.17542695596966199	0.03927898924640554	0.03597281031783606	0.04167294220739278	0.06214672777618596	0.049413580322958596	0.16524541472490925	0.07930892800993285
K	0.06469156232578566	0.2826657809812603	0.1551536747057169	0.05558779379313113	0.012235429397308538	0.20520000786282958	0.14663568626682053	0.03414400194879536	0.07183243461479691	0.02576305834221028	0.025357366001792246	-1.1173809935723822	0.05666653259522882	0.010523958076033393	0.04478009982440778	0.0711257397801676	0.08683632243856214	0.01609887183550393	0.01718327174442109	0.02887062000153815	0.0627310004838611
M	0.019846840560734193	0.01604953578616065	0.007968700814815342	0.004451347422078012	0.010403866091715546	0.028516974631233004	0.0096818718224681	0.005344243971554152	0.011037794937294234	0.07666759317240082	0.09284788517699755	0.02001089754029767	-1.1787772951409243	0.02704360837931894	0.00632323003106983	0.013526415689353314	0.030217870878565097	0.013205966119462995	0.011526449127808938	0.04607603281326071	0.02215247046891203
F	0.012335727822734899	0.007323743758453889	0.008885297323896459	0.004554326577961494	0.01950087876603249	0.007819798243509105	0.005868829148364261	0.004313365843622353	0.03267362199844515	0.04418862250831617	0.08401480693621038	0.006372039019630676	0.04636860910661191	-0.7485128799430683	0.008996758264673272	0.021440225437328292	0.011252660802006292	0.06482949198818994	0.233279982517446	0.03112930230483934	0.03798232556567594
P	0.0661129064370027	0.03487654871978961	0.018596250599707948	0.025667665983638822	0.009411735678018679	0.043177338457491506	0.036024204951477325	0.01715892537354601	0.03425014544444062	0.009602625355874155	0.021920889070370552	0.03159532561139395	0.012633881705779436	0.010483938700692237	-0.6836687747150262	0.06995815681363053	0.04195364101107732	0.009514019328105213	0.013729931125181139	0.019809187880169832	0.04426087228332639
S	0.20466062266124335	0.08720254277939807	0.22216783476570479	0.08861641097921717	0.0995256166289153	0.07973792650845382	0.06644713294687411	0.10053594813305823	0.06326657054765462	0.03281990788790113	0.03285112297809504	0.08211878759561615	0.044224051827549925	0.04088327649378831	0.11447649139256814	-1.2730902151722001	0.2532514464308952	0.039954335814883064	0.05868211234491922	0.036335461994444894	0.07242656934347634
T	0.13043723718756042	0.047804440053382115	0.11801268777258239	0.040730512384008634	0.04087761538696885	0.0602772217373068	0.05836859808232666	0.029309251947943583	0.03951182145072266	0.08593530356641794	0.03307904798694744	0.08714453223503597	0.08587418708785187	0.018650676679305568	0.05967200246813829	0.22012781384191507	-1.133995646863854	0.0134693430197454	0.025843496620766217	0.08835220793655202	0.06295364862118454
W	0.0031323848678487293	0.016333386797051475	0.002381897715275108	0.0025293156003730133	0.011652825211562742	0.004141035307675949	0.003126721785962097	0.005584877691200123	0.005722368324387349	0.004489006027843889	0.010931713515188663	0.0035801831009987664	0.008316489264498565	0.02381129696297707	0.0029987210683832116	0.007695875193182752	0.0029848157490359496	-0.5298811151530788	0.03672984115010251	0.006239186408467887	0.013950571763481882
Y	0.012585301825010525	0.01696343773931444	0.03647020220551908	0.015425771200553268	0.02185278423984553	0.013624802249757312	0.010205740896352183	0.006527638197259337	0.12180527721535934	0.01852389993906833	0.021742148877146553	0.009558767578560712	0.018157317314482585	0.21432563982477168	0.010824968470513348	0.028273923993673577	0.014325461279109407	0.09187668483227335	-0.7764483744839288	0.015480276282837761	0.034896207727816576
V	0.12429552316554841	0.02541561806865421	0.023727558629329404	0.019510052106588426	0.07350748118298368	0.030055721249584732	0.042642797249220495	0.021059739468462454	0.017112255100579836	0.4303073926595158	0.14447267396010466	0.031911871319942865	0.14422193297528293	0.05682850164663919	0.031033095089983264	0.03478653305836486	0.09731389352269229	0.03101089759219117	0.030759472669823054	-1.056965589364073	0.06933912618629996
