A	R	N	D	C	Q	E	G	H	I	L	K	M	F	P	S	T	W	Y	V	*
A	-0.9134888648986816	0.05046405270695686	0.05832744389772415	0.06568363308906555	0.07865679264068604	0.07101667672395706	0.1071757897734642	0.10602821409702301	0.03336525335907936	0.03652491793036461	0.03890194371342659	0.0724966898560524	0.06298280507326126	0.02283157967031002	0.10500718653202057	0.1986502707004547	0.1456577032804489	0.01578468456864357	0.025353513658046722	0.12601721286773682	0.08519153905560553
R	0.02684224396944046	-0.8148778080940247	0.033495236188173294	0.013629423454403877	0.021885765716433525	0.09980902075767517	0.029042325913906097	0.026245754212141037	0.07557854056358337	0.011625925078988075	0.022321905940771103	0.16849246621131897	0.027091294527053833	0.007210095413029194	0.029464762657880783	0.04502157121896744	0.028394663706421852	0.04377979040145874	0.01817712001502514	0.013706033118069172	0.0453140782614754
N	0.029371263459324837	0.03170998767018318	-1.0816688537597656	0.1523469239473343	0.013563083484768867	0.054541777819395065	0.04721318557858467	0.0415784977376461	0.11253179609775543	0.018612748011946678	0.008649136871099472	0.08755527436733246	0.01273408718407154	0.008281191810965538	0.014873317442834377	0.10858897119760513	0.06636059284210205	0.006044126581400633	0.036996643990278244	0.012113708071410656	0.04289889934296731
D	0.04301908612251282	0.016782043501734734	0.1981472223997116	-0.8361002802848816	0.005816873162984848	0.049452416598796844	0.23441515862941742	0.047734782099723816	0.04973241686820984	0.006875938270241022	0.007795590907335281	0.04079942777752876	0.009251797571778297	0.005520766135305166	0.026700733229517937	0.05633431673049927	0.029788987711071968	0.008347718045115471	0.020352859050035477	0.012954981997609138	0.055795665291583
C	0.01720263436436653	0.008998782373964787	0.0058907074853777885	0.001942424918524921	-0.46245521306991577	0.003055922919884324	0.0021615370642393827	0.006518770940601826	0.005288627464324236	0.005612056702375412	0.007785389665514231	0.002998806769028306	0.007220779079943895	0.007893762551248074	0.0032693485263735056	0.02112751640379429	0.009983344934880733	0.012842533178627491	0.009628086350858212	0.016299137845635414	0.01863181551740786
Q	0.033372774720191956	0.08817897737026215	0.05089927092194557	0.03548260033130646	0.006566223688423634	-1.046288013458252	0.1388079822063446	0.0159184318035841	0.11389096081256866	0.009352541528642178	0.028386546298861504	0.1080637127161026	0.04252712428569794	0.006801405921578407	0.0322270542383194	0.03637070581316948	0.03163129836320877	0.00980621948838234	0.012898423708975315	0.01431968528777361	0.04003394855244395
E	0.07473184913396835	0.038071826100349426	0.0653766542673111	0.24956902861595154	0.006891487166285515	0.2059641033411026	-0.9652230143547058	0.03630819916725159	0.04224551096558571	0.01267731748521328	0.01347874291241169	0.11458275467157364	0.02142392098903656	0.007574110757559538	0.03989662975072861	0.044971782714128494	0.045448560267686844	0.010986491106450558	0.014336002990603447	0.030145959928631783	0.059402604403686304
G	0.09407182037830353	0.04377845674753189	0.07325836271047592	0.06466495990753174	0.026445096358656883	0.030054284259676933	0.04619912803173065	-0.48705440759658813	0.02401929348707199	0.006789349019527435	0.00859077274799347	0.03394869342446327	0.01504717580974102	0.007083136588335037	0.02418026141822338	0.0865793451666832	0.029038533568382263	0.02496965415775776	0.011667255312204361	0.018943730741739273	0.07558481793979312
H	0.01022759173065424	0.04355527460575104	0.06850220263004303	0.023276332765817642	0.0074124750681221485	0.07429102063179016	0.018571652472019196	0.008298528380692005	-0.8316946625709534	0.005278425291180611	0.012166588567197323	0.02467573806643486	0.01073722168803215	0.018537340685725212	0.016675321385264397	0.018823834136128426	0.013525020331144333	0.008839252404868603	0.07521761953830719	0.005318150389939547	0.026114123370726307
I	0.021878879517316818	0.013092623092234135	0.022140970453619957	0.006288742180913687	0.015370896086096764	0.011921572498977184	0.010890660807490349	0.004583802539855242	0.010314809158444405	-0.9151253700256348	0.1291963905096054	0.01729433238506317	0.1457398384809494	0.0489911325275898	0.00913605373352766	0.01908218301832676	0.05748298391699791	0.013550232164561749	0.022353358566761017	0.26132985949516296	0.05103078781034371
L	0.036215703934431076	0.039067912846803665	0.015990009531378746	0.01108078844845295	0.033139605075120926	0.0562349408864975	0.01799558475613594	0.009014046750962734	0.03695008531212807	0.20078912377357483	-0.662818431854248	0.02645454742014408	0.27430152893066406	0.1447613537311554	0.032412804663181305	0.029684564098715782	0.034388281404972076	0.05128313601016998	0.04077581316232681	0.13635960221290588	0.07930892800993287
K	0.05338311940431595	0.23325423896312714	0.12803195416927338	0.045870739966630936	0.01009660866111517	0.1693299114704132	0.12100295722484589	0.028175441548228264	0.05927572771906853	0.021259533241391182	0.020924758166074753	-0.9220566153526306	0.046760909259319305	0.008684311993420124	0.036952290683984756	0.058692567050457	0.07165685296058655	0.013284699991345406	0.014179540798068047	0.023823875933885574	0.06273100048386109
M	0.01637750305235386	0.013243988156318665	0.0065757278352975845	0.003673227271065116	0.008585212752223015	0.023532049730420113	0.007989427074790001	0.0044100405648350716	0.009108327329158783	0.06326567381620407	0.07661756128072739	0.016512881964445114	-0.9727205038070679	0.022316236048936844	0.005217894446104765	0.0111619234085083	0.02493561990559101	0.010897490195930004	0.009511562064290047	0.03802168741822243	0.022152470468912028
F	0.010179374366998672	0.006043512839823961	0.007332098204642534	0.0037582051008939743	0.01609201729297638	0.006452854257076979	0.004842925351113081	0.0035593656357377768	0.026962092146277428	0.036464206874370575	0.06932855397462845	0.0052581713534891605	0.038263119757175446	-0.6176686882972717	0.007424075156450272	0.017692355439066887	0.009285633452236652	0.053496938198804855	0.19250135123729706	0.025687728077173233	0.03798232556567595
P	0.05455600470304489	0.028779935091733932	0.01534552313387394	0.021180815994739532	0.007766512222588062	0.03562970086932182	0.029726974666118622	0.014159450307488441	0.0282630305737257	0.0079240333288908	0.018088996410369873	0.026072287932038307	0.01042540930211544	0.008651288226246834	-0.5641596913337708	0.0577290840446949	0.03461991250514984	0.007850916124880314	0.011329863220453262	0.016346432268619537	0.04426087228332635
S	0.16888481378555298	0.07195905596017838	0.1833316683769226	0.07312577217817307	0.08212798833847046	0.0657992959022522	0.05483180657029152	0.08296170830726624	0.05220722407102585	0.027082806453108788	0.027108564972877502	0.06776396930217743	0.036493442952632904	0.03373665362596512	0.09446536749601364	-1.0505470037460327	0.2089816927909851	0.03297009691596031	0.04842415452003479	0.029983822256326675	0.07242656934347631
T	0.10763608664274216	0.03944795951247215	0.09738341718912125	0.033610593527555466	0.03373198211193085	0.04974042996764183	0.048165444284677505	0.02418583258986473	0.03260493651032448	0.07091333717107773	0.027296647429466248	0.07191118597984314	0.07086290419101715	0.015390435233712196	0.04924100637435913	0.18164825439453125	-0.9357669353485107	0.01111482735723257	0.021325910463929176	0.07290775328874588	0.06295364862118455
W	0.0025848266668617725	0.01347822044044733	0.0019655288197100163	0.0020871772430837154	0.009615846909582615	0.003417159430682659	0.0025801535230129957	0.004608610179275274	0.004722066689282656	0.0037043029442429543	0.00902078952640295	0.0029543472919613123	0.006862720940262079	0.019648950546979904	0.0024745280388742685	0.006350593641400337	0.002463053446263075	-0.43725496530532837	0.03030926175415516	0.005148542113602161	0.013950571763481896
Y	0.010385321453213692	0.01399813499301672	0.03009500913321972	0.012729261070489883	0.018032796680927277	0.011243111453950405	0.008421720936894417	0.005386570934206247	0.1005130410194397	0.01528581976890564	0.01794150099158287	0.007887842133641243	0.01498331781476736	0.17686033248901367	0.008932704105973244	0.02333148568868637	0.011821291409432888	0.07581613212823868	-0.6407209038734436	0.012774238362908363	0.03489620772781659
V	0.10256797820329666	0.020972827449440956	0.019579850137233734	0.016099587082862854	0.06065796688199043	0.024801814928650856	0.03518860042095184	0.01737838052213192	0.014120938256382942	0.3550872802734375	0.11921805143356323	0.02633349969983101	0.11901114135980606	0.04689456522464752	0.02560833841562271	0.02870565466582775	0.0803028866648674	0.025590021163225174	0.025382546707987785	-0.8722021579742432	0.06933912618629995
