A	R	N	D	C	Q	E	G	H	I	L	K	M	F	P	S	T	W	Y	V	*
A	-0.8422013521194458	0.04651696979999542	0.05378515273332596	0.06058865040540695	0.07251539826393127	0.0654638409614563	0.09881643205881119	0.09773548692464828	0.03076934441924095	0.03364697843790054	0.03586967661976814	0.06685616075992584	0.058076050132513046	0.021044688299298286	0.09682910144329071	0.18315963447093964	0.1342511773109436	0.014567861333489418	0.023376991972327232	0.11619812995195389	0.08519220867359772
R	0.02474145032465458	-0.7512949705123901	0.030888337641954422	0.012552062049508095	0.02019052393734455	0.09201156347990036	0.026783600449562073	0.02418465167284012	0.06971270591020584	0.010723439045250416	0.02056494541466236	0.15534426271915436	0.02500433847308159	0.0066544413566589355	0.02718164585530758	0.04149818420410156	0.02617916651070118	0.04032932221889496	0.016762785613536835	0.012636636383831501	0.04531203948263891
N	0.027080433443188667	0.029239773750305176	-0.9973104000091553	0.14044268429279327	0.012529357336461544	0.05026496574282646	0.04350866377353668	0.038326796144247055	0.10376232117414474	0.017147870734333992	0.007980565540492535	0.08072870224714279	0.011725662276148796	0.007633404806256294	0.013707978650927544	0.1001070961356163	0.06117503345012665	0.0055712503381073475	0.03411673754453659	0.011165202595293522	0.04289365841818748
D	0.03968396037817001	0.015456994995474815	0.18269625306129456	-0.7708374261856079	0.005359299946576357	0.04560844227671623	0.21610267460346222	0.04400910809636116	0.04582127928733826	0.006345302797853947	0.007189315743744373	0.037640489637851715	0.00852726399898529	0.00507078692317009	0.024610906839370728	0.051931507885456085	0.027465486899018288	0.007704465184360743	0.018776362761855125	0.011942509561777115	0.05579864674713699
C	0.015855487436056137	0.008300099521875381	0.0054410784505307674	0.0017890962772071362	-0.4264723062515259	0.0028213534969836473	0.001989421434700489	0.006013651844114065	0.004876317922025919	0.00517584104090929	0.0071758427657186985	0.0027645276859402657	0.006655119825154543	0.0072767180390655994	0.0030202027410268784	0.019471945241093636	0.009199189953505993	0.011840314604341984	0.008880777284502983	0.015032187104225159	0.01862727167165346
Q	0.03076533041894436	0.08129967749118805	0.04691722244024277	0.032725151628255844	0.006064126268029213	-0.9645557999610901	0.12794898450374603	0.014673448167741299	0.10500853508710861	0.00860840454697609	0.026162397116422653	0.09963243454694748	0.03919544070959091	0.006279203575104475	0.029709722846746445	0.03353802487254143	0.029181955382227898	0.009051918052136898	0.01188960112631321	0.013211335055530071	0.04003686199821064
E	0.06890822947025299	0.03511536121368408	0.060259345918893814	0.23007969558238983	0.006344820372760296	0.1898534893989563	-0.8898403644561768	0.03349314257502556	0.038968101143836975	0.011702824383974075	0.012427367269992828	0.10563542693853378	0.019721699878573418	0.006966050248593092	0.03678078204393387	0.04148545861244202	0.041904937475919724	0.010086373426020145	0.01321246288716793	0.027791503816843033	0.059407575890238054
G	0.08671930432319641	0.04034499078989029	0.06754183024168015	0.05961868166923523	0.024403514340519905	0.027703560888767242	0.042616475373506546	-0.44901221990585327	0.02214403823018074	0.006264831870794296	0.00792605523020029	0.03130529075860977	0.0138715710490942	0.0065331533551216125	0.022291837260127068	0.07981283217668533	0.02679084986448288	0.02298750914633274	0.01075265184044838	0.017456457018852234	0.07558984165145707
H	0.009431523270905018	0.040175553411245346	0.06316988915205002	0.021444063633680344	0.006836066022515297	0.06849014759063721	0.01712895929813385	0.0076499199494719505	-0.7668197751045227	0.004867915529757738	0.011215496808290482	0.022751284763216972	0.009912790730595589	0.017086029052734375	0.015374400652945042	0.01734759286046028	0.012459475547075272	0.008151806890964508	0.06936101615428925	0.004903513938188553	0.02611340674383631
I	0.020156485959887505	0.012077835388481617	0.020402610301971436	0.005803599022328854	0.014180785976350307	0.010973148979246616	0.010053505189716816	0.004229749087244272	0.00951367150992155	-0.8436107635498047	0.11911417543888092	0.015945052728056908	0.13438189029693604	0.04516766220331192	0.008420792408287525	0.017592666670680046	0.05299956351518631	0.012510828673839569	0.020621715113520622	0.24092040956020355	0.051035054921649024
L	0.03339381143450737	0.03599584475159645	0.014756351709365845	0.01021885871887207	0.030553575605154037	0.05182698369026184	0.01659112237393856	0.008316336199641228	0.03406382352113724	0.18511143326759338	-0.6110837459564209	0.024399662390351295	0.2529340386390686	0.133468896150589	0.0298803448677063	0.027386600151658058	0.03168945387005806	0.04729670286178589	0.037588123232126236	0.1257295310497284	0.07931190781115435
K	0.049228787422180176	0.2150598019361496	0.11806263029575348	0.04231645166873932	0.009309991262853146	0.15610553324222565	0.11154379695653915	0.02597956918179989	0.05465376004576683	0.01959904655814171	0.019298475235700607	-0.8501498699188232	0.04313338175415993	0.007991839200258255	0.03408846631646156	0.054112304002046585	0.06603294610977173	0.012248131446540356	0.013075822032988071	0.021970247849822044	0.06273033521390876
M	0.015097730793058872	0.012221267446875572	0.006054228637367487	0.0033845475409179926	0.007912634871900082	0.021681537851691246	0.007352196145802736	0.004064215812832117	0.008407114073634148	0.05831585451960564	0.0706290528178215	0.015228265896439552	-0.8970037698745728	0.020596398040652275	0.00481520127505064	0.010289222002029419	0.02299678511917591	0.010056344792246819	0.008764738216996193	0.03505580499768257	0.022146977766810433
F	0.009383234195411205	0.00557837774977088	0.00675982004031539	0.003451927797868848	0.014838713221251965	0.005957368761301041	0.004454046953469515	0.0032829889096319675	0.024853499606251717	0.0336177721619606	0.06392218172550201	0.004839261993765831	0.035325370728969574	-0.5694271326065063	0.006833549588918686	0.016315966844558716	0.008558642119169235	0.049298245459795	0.17748185992240906	0.023697977885603905	0.03798480522837188
P	0.05030069500207901	0.02654789574444294	0.014143220148980618	0.01951964758336544	0.007175543811172247	0.03284025564789772	0.027399785816669464	0.013051199726760387	0.026055695489048958	0.007302176207304001	0.016673054546117783	0.024049043655395508	0.009622056037187576	0.00796167366206646	-0.5201825499534607	0.05323716253042221	0.03191286697983742	0.007249407935887575	0.010442524217069149	0.015061224810779095	0.04425557229881184
S	0.15570572018623352	0.06632696837186813	0.16902324557304382	0.06740342825651169	0.07570677995681763	0.060666948556900024	0.0505741685628891	0.07646875083446503	0.04811166599392891	0.024965353310108185	0.025007735937833786	0.062473103404045105	0.03364671766757965	0.031108390539884567	0.08712075650691986	-0.9685661792755127	0.19261619448661804	0.030414389446377754	0.04463306814432144	0.027642805129289627	0.07242269287915193
T	0.09921818226575851	0.03637602552771568	0.08979540318250656	0.03099108301103115	0.031093770638108253	0.045890986919403076	0.04441160708665848	0.02231496199965477	0.030040649697184563	0.06538478285074234	0.025156451389193535	0.06627596914768219	0.06537710130214691	0.014186262153089046	0.045401569455862045	0.16745232045650482	-0.8626130819320679	0.010244849137961864	0.019657038152217865	0.0672287568449974	0.06296120420808282
W	0.0023855657782405615	0.012416602112352848	0.0018119867891073227	0.0019262575078755617	0.00886766891926527	0.003154104109853506	0.002368583809584379	0.004242520779371262	0.004354976583272219	0.0034198961220681667	0.008319322019815445	0.0027238784823566675	0.006334627978503704	0.018105769529938698	0.0022852306719869375	0.005858681630343199	0.002270011231303215	-0.4031253755092621	0.027955351397395134	0.0047471001744270325	0.013950683087278247
Y	0.009574920870363712	0.01290859468281269	0.027753697708249092	0.011741789057850838	0.016635969281196594	0.010362240485846996	0.007760477252304554	0.0049636210314929485	0.09268263727426529	0.014099462889134884	0.016537073999643326	0.007273405324667692	0.01380927488207817	0.16303859651088715	0.008233489468693733	0.021504458039999008	0.010894102044403553	0.06992232799530029	-0.5907491445541382	0.011775964871048927	0.03489364936321525
V	0.09457048773765564	0.019336339086294174	0.018048033118247986	0.014839811250567436	0.05595376342535019	0.02287931926548481	0.032435957342386246	0.016012130305171013	0.013019680045545101	0.32731154561042786	0.10991457104682922	0.0242836382240057	0.10974930971860886	0.04325713589787483	0.023596560582518578	0.02646450698375702	0.07403522729873657	0.02359333448112011	0.02339949645102024	-0.8041673898696899	0.06933560594460898
