A	R	N	D	C	Q	E	G	H	I	L	K	M	F	P	S	T	W	Y	V	*
A	-1.1070083666489328	0.06114294952170463	0.07069641235726508	0.07963908245214998	0.09531586762124591	0.08604714237864257	0.12988653696198935	0.12846571840785684	0.04044391714960287	0.04422634391345585	0.04714790830856244	0.08787723878264138	0.07633646423960708	0.027661610803894836	0.127274344980651	0.2407491359179556	0.1764627617156879	0.019148324019868206	0.030727243117487826	0.15273343093318797	0.0851922086735977
R	0.03252071781112162	-0.9875189776001737	0.040600324513218274	0.0164987121815156	0.026538877988521694	0.12094206491638719	0.03520496578642662	0.03178884916172288	0.09163194586440097	0.014095129047784346	0.027031025984960773	0.20418798676616748	0.03286626389587817	0.008746747127225406	0.035728165604804435	0.0545461450507903	0.03441048424620857	0.05300976661370359	0.022033381774832207	0.01660987858544521	0.04531203948263899
N	0.035595129737856	0.038433415119854805	-1.3108871817621455	0.18460101750668642	0.016468868596912413	0.0660693995403835	0.057188764536903136	0.05037760137971395	0.13638752466215587	0.022539546303684696	0.010489834529097776	0.10611161878498501	0.015412473764772025	0.010033518665433621	0.01801807491549783	0.13158301480301976	0.08040983749182334	0.007322976532226975	0.04484380583042731	0.014675792976603229	0.04289365841818753
D	0.05216148852034671	0.020317021268346905	0.2401400569891035	-1.0132060201116535	0.007044384178808327	0.05994876054650306	0.2840502075177337	0.057846559790988746	0.06022851829196167	0.008340408464636344	0.009449798030812442	0.049475504698494786	0.011208427257621112	0.006665156183039663	0.03234912852305284	0.06825993995049007	0.03610125264556421	0.01012692202188858	0.02468007278817709	0.01569750270573912	0.055798646747137005
C	0.020840808679349912	0.010909837168525133	0.0071518756805278895	0.0023516283162270035	-0.5605647746544439	0.0037084503825305696	0.0026149402010124307	0.007904479004688058	0.006409541761644236	0.006803241674110832	0.0094320888459951	0.0036337572606205577	0.008747638921449264	0.009564681570172037	0.00396982229353939	0.02559436201636896	0.01209162181857866	0.015563175359166567	0.011673093057319492	0.019758644238140995	0.01862727167165345
Q	0.04043864105748918	0.10686212146551012	0.061669050578669324	0.04301467405765485	0.007970823720752975	-1.2678338000403062	0.1681790179906921	0.019287109725484395	0.13802557620982145	0.011315080215698475	0.0343884421778561	0.13095910895359203	0.051519367299538064	0.008253526162169702	0.039051126763691976	0.044083132900881186	0.038357417358694176	0.01189804432481472	0.01562795867024517	0.017365275422877642	0.04003686199821066
E	0.09057452396931781	0.0461564192026309	0.0792062372414083	0.3024219177097949	0.00833977435426166	0.249547689128302	-1.1696261540734456	0.04402413860131202	0.05122054706999722	0.015382455126532584	0.016334810563626408	0.13884957693454753	0.02592264511945792	0.0091563328511443	0.048345485734569274	0.0545294182473932	0.05508079068384632	0.013257755694229968	0.017366757870104946	0.03652977660220813	0.05940757589023804
G	0.11398580065701232	0.05303036173521653	0.08877849814436964	0.07836413376722114	0.03207652716610854	0.036414182443017445	0.056016052072152295	-0.5901917432363538	0.029106621036066968	0.008234635671345466	0.010418184953363559	0.04114837705133906	0.018233104436686447	0.00858732345480069	0.02930089139946811	0.10490777860091469	0.03521449458016514	0.03021529814618502	0.01413352700168927	0.022945159044551387	0.07558984165145702
H	0.01239700594740341	0.05280764944045354	0.08303192061568575	0.028186558710332595	0.008985478665932665	0.09002498775981842	0.022514688687336512	0.010055226540480518	-1.0079251293248543	0.006398497468593251	0.014741900819391116	0.029904799513218505	0.013029594702019634	0.022458260208897345	0.02020845741008637	0.022802065550501766	0.016377014403930745	0.010714918004933674	0.09116967695295286	0.006445288815903638	0.026113406743836307
I	0.026494137706718615	0.015875378010746136	0.026817649068030504	0.007628380859548215	0.018639543479682313	0.014423353391610787	0.013214552946462805	0.00555967716819934	0.012504983437190057	-1.1088609286776347	0.15656634659336047	0.02095853531010952	0.17663457379929373	0.0593693893214596	0.011068478608267566	0.023124196069144457	0.06966381625059623	0.016444514106749554	0.02710564535175481	0.31667119556204154	0.051035054921649
L	0.04389357551999459	0.04731374653381216	0.019396080001977352	0.013431897337764415	0.04016030577584405	0.06812255100151	0.021807743758456285	0.010931179022332588	0.044774254450025544	0.2433146240788017	-0.8032221959683904	0.03207146407632148	0.33246217935784333	0.17543451379444547	0.03927539617891172	0.03599756213363885	0.04165332967040209	0.06216784816498348	0.04940667311905888	0.16526171853872337	0.07931190781115434
K	0.06470742349105867	0.2826794322688466	0.1551841720475447	0.05562169417836061	0.012237261547337442	0.20518861783402595	0.14661567114317098	0.03414812903566604	0.0718381293110371	0.025761426841223765	0.025366349146466224	-1.1174560769075608	0.05669548542466056	0.01050465288061431	0.04480664549348919	0.07112642733019543	0.0867951869633523	0.01609921897301001	0.017187154063458828	0.028878187058116178	0.06273033521390879
M	0.019844796334355708	0.016063908328689945	0.007957814052785856	0.004448725278923451	0.010400544933094806	0.02849870015434704	0.009663891688330315	0.00534209651569635	0.011050499498088026	0.07665166851018032	0.09283641281393817	0.02001637460506276	-1.1790418949908719	0.027072368022748167	0.006329208668645868	0.013524384416969468	0.030227490693157732	0.01321828538378407	0.011520568701635557	0.04607813717513984	0.02214697776681043
F	0.012333533702369765	0.007332344962144863	0.008885259235025492	0.004537291401506655	0.01950433782241227	0.007830499256949567	0.005854499319586282	0.004315234333728318	0.03266799790262572	0.04418795452861004	0.0840207508649883	0.006360834617545467	0.04643246042473518	-0.7484678080912324	0.008982171009113362	0.021446073152743456	0.011249671363304304	0.06479872069519771	0.23328614157182648	0.03114915420879575	0.03798480522837181
P	0.06611636288095189	0.034895150229886894	0.018590166112745436	0.025657063046082042	0.009431695893427003	0.043165969365431094	0.03601489366777937	0.017154789951323832	0.03424819116313084	0.009598144358101008	0.021915437245140758	0.03161060293887121	0.0126474464933189	0.010465002619926948	-0.6837396229940836	0.0699761217308852	0.04194698887805168	0.009528784557378081	0.013725888290416974	0.019796812051601054	0.04425557229881181
S	0.20466309457647602	0.08718165642615078	0.22216794895501385	0.08859657946761053	0.09951069137248393	0.07974199930045217	0.06647582266941243	0.10051224300212186	0.06323905400373259	0.03281502092235631	0.03287072959982962	0.08211604978401107	0.044226001151091154	0.04088956698296851	0.1145134784208546	-1.2731051326537357	0.2531790507248236	0.03997735636368825	0.05866670688741461	0.036334323708648794	0.07242269287915194
T	0.13041460645424843	0.04781346468190578	0.11802909406342402	0.040735375333210595	0.040870350255822155	0.06032014356864978	0.05837561350089503	0.029331287076308717	0.03948610444600258	0.08594322662287755	0.0330662045281124	0.08711462190082692	0.08593312982293469	0.018646741489340903	0.05967684226598554	0.22010308971083042	-1.1338380026065171	0.013466059728162756	0.02583765229452666	0.08836698744252759	0.06296120420808284
W	0.0031356412205440568	0.01632066059872103	0.002381716119015035	0.0025319161174133836	0.01165586312773707	0.004145825259129261	0.003113319739656791	0.005576464567085914	0.005724279000633553	0.004495188247646946	0.010935103651408344	0.0035803270347589907	0.008326377242407305	0.02379862998773339	0.0030037585041225584	0.007700782676257808	0.002983753729575238	-0.5298770446926975	0.036745141540853635	0.006239695052954543	0.013950683087278235
Y	0.01258549097174903	0.016967346679736622	0.03648008340423522	0.015433671168725788	0.02186669154027596	0.013620361551537893	0.01020054554159805	0.006524294928890117	0.12182413937890298	0.018532650587949662	0.0217367013617681	0.009560327263989112	0.018151220956063488	0.214301591858112	0.01082228341906908	0.02826594247399589	0.014319452325661402	0.09190747783956342	-0.7764939393250723	0.015478592624921635	0.034893649363215234
V	0.12430557241471551	0.0254161182418199	0.023722739951887378	0.019505781096797892	0.07354688294132879	0.030073090937678397	0.04263455059520842	0.021046703583519417	0.01711335977464266	0.43022564447290124	0.14447418002745221	0.03191895930705838	0.14425695682712955	0.05685815064973425	0.031015849028560766	0.034785542170565335	0.09731356502837002	0.031011608568448975	0.03075682350956098	-1.0570156727149553	0.06933560594460898
