A	R	N	D	C	Q	E	G	H	I	L	K	M	F	P	S	T	W	Y	V	*
A	-0.7762691974639893	0.04287930205464363	0.049583468586206436	0.055848587304353714	0.06683079153299332	0.060339491814374924	0.09107295423746109	0.09008786827325821	0.02835492417216301	0.03101803921163082	0.03306104987859726	0.06162258982658386	0.053531620651483536	0.019391261041164398	0.089244544506073	0.16882559657096863	0.12374381721019745	0.01343226246535778	0.021544458344578743	0.10710804909467697	0.08519337149072112
R	0.022807639092206955	-0.6924374103546143	0.028468210250139236	0.011568141169846058	0.018618440255522728	0.08481302112340927	0.02467532269656658	0.02228976972401142	0.06425295025110245	0.009881235659122467	0.018960988149046898	0.1431809365749359	0.023053623735904694	0.0061333938501775265	0.025050239637494087	0.03824954479932785	0.024129092693328857	0.03718842566013336	0.015446481294929981	0.011641198769211769	0.04531462970363516
N	0.024964919313788414	0.026947645470499992	-0.9192385673522949	0.12944962084293365	0.011551926843822002	0.04632469266653061	0.040108997374773026	0.03532098978757858	0.09563504159450531	0.01580764912068844	0.007356960792094469	0.07440678030252457	0.010810508392751217	0.007038490381091833	0.012636236846446991	0.09228119254112244	0.05638045445084572	0.005133225116878748	0.03143991157412529	0.010287738405168056	0.0428942561971067
D	0.03657947853207588	0.014244799502193928	0.16839641332626343	-0.7104913592338562	0.004942298401147127	0.04202210158109665	0.19920046627521515	0.04056050628423691	0.04223380610346794	0.005840801168233156	0.0066309222020208836	0.034690070897340775	0.007856468670070171	0.004670955706387758	0.02268492616713047	0.047867294400930405	0.02531685121357441	0.007101325783878565	0.017302872613072395	0.011011921800673008	0.055799610576817774
C	0.01461299229413271	0.007653731852769852	0.005016764160245657	0.0016499323537573218	-0.3930742144584656	0.0026070077437907457	0.0018354826606810093	0.00554249482229352	0.004493956454098225	0.004769712220877409	0.0066144149750471115	0.0025455288123339415	0.006137560587376356	0.006707529071718454	0.0027833415661007166	0.01794631965458393	0.008477449417114258	0.010917343199253082	0.008183852769434452	0.013855121098458767	0.01862808893746961
Q	0.02835669554769993	0.07493487000465393	0.04323875904083252	0.030151326209306717	0.005603170022368431	-0.8890634775161743	0.11792945116758347	0.013523218221962452	0.09678181260824203	0.0079526761546731	0.02411426231265068	0.09183704107999802	0.036133166402578354	0.005778772756457329	0.027385840192437172	0.030915427953004837	0.026902250945568085	0.008345468901097775	0.010964236222207546	0.012169843539595604	0.04003684297295284
E	0.06350826472043991	0.032349757850170135	0.055550672113895416	0.21208299696445465	0.005853674374520779	0.17498834431171417	-0.8201748132705688	0.030868012458086014	0.03592201694846153	0.010786561295390129	0.011455895379185677	0.09734730422496796	0.01818239502608776	0.006431290879845619	0.03389596939086914	0.03823781758546829	0.038628384470939636	0.009302783757448196	0.012174525298178196	0.02562044933438301	0.05940823336502454
G	0.07993712276220322	0.03718392178416252	0.06224747747182846	0.05494905635714531	0.022491835057735443	0.02553337626159191	0.0392780601978302	-0.41384097933769226	0.02040717378258705	0.005777680315077305	0.007311025634407997	0.02885202132165432	0.012776936404407024	0.0060204071924090385	0.020546559244394302	0.07356470823287964	0.02469555288553238	0.0211940947920084	0.009913056157529354	0.016088727861642838	0.07559412054724376
H	0.008691251277923584	0.03702664375305176	0.058220721781253815	0.019764630123972893	0.006299704313278198	0.06312386691570282	0.015789693221449852	0.007049438077956438	-0.7067950963973999	0.0044908407144248486	0.01033550314605236	0.020969122648239136	0.009138083085417747	0.01575442962348461	0.014173897914588451	0.0159971434623003	0.011482627131044865	0.007511946372687817	0.06391999870538712	0.004519319627434015	0.02611317153254831
I	0.01857910118997097	0.011127280071377754	0.018805477768182755	0.005341429263353348	0.013065919280052185	0.010136070661246777	0.009265151806175709	0.0039001530967652798	0.008775748312473297	-0.777679979801178	0.10979079455137253	0.014688488095998764	0.1238933578133583	0.04163173958659172	0.00775377219542861	0.016210641711950302	0.04884792119264603	0.011538495309650898	0.019005540758371353	0.2220885008573532	0.05102889869780766
L	0.03077780269086361	0.03318557143211365	0.013602728955447674	0.009424743242561817	0.02816111221909523	0.047768428921699524	0.015293578617274761	0.007670382969081402	0.031390536576509476	0.1706382930278778	-0.5632634162902832	0.02248115837574005	0.23317456245422363	0.12302057445049286	0.027542369440197945	0.025240007787942886	0.029209163039922714	0.043590765446424484	0.03464243561029434	0.11588649451732635	0.07930978357340694
K	0.04537780210375786	0.19822396337985992	0.1088235154747963	0.03900168463587761	0.00857272744178772	0.14390219748020172	0.1027984693646431	0.023944050073623657	0.05037672817707062	0.01805802620947361	0.017782848328351974	-0.7835494875907898	0.03975691273808479	0.00736834155395627	0.03142104670405388	0.04987896606326103	0.06086897477507591	0.011279580183327198	0.012054038234055042	0.020257383584976196	0.06273492091697624
M	0.013914628885686398	0.011265951208770275	0.0055810268968343735	0.003117908025160432	0.007296162657439709	0.019985418766736984	0.006777530536055565	0.0037428790237754583	0.007749300915747881	0.05376490578055382	0.06510606408119202	0.014033639803528786	-0.8269115686416626	0.018982846289873123	0.004437380004674196	0.009485563263297081	0.02120343968272209	0.009272264316678047	0.00808023288846016	0.03230911120772362	0.0221445614574494
F	0.008646019734442234	0.0051413644105196	0.006232989486306906	0.003179732011631131	0.013677608221769333	0.005482665728777647	0.004112135618925095	0.0030251978896558285	0.022917065769433975	0.030990196391940117	0.05892057344317436	0.0044614532962441444	0.03256193548440933	-0.5248485207557678	0.0062993913888931274	0.015039665624499321	0.007887961342930794	0.04544473811984062	0.16357511281967163	0.0218430757522583	0.037985335036059185
P	0.04636051133275032	0.024465033784508705	0.013037401251494884	0.017991963773965836	0.006612572818994522	0.030271826311945915	0.025250719860196114	0.012028831988573074	0.024021605029702187	0.006724642589688301	0.015369046479463577	0.0221658106893301	0.008868128061294556	0.007339306175708771	-0.47945788502693176	0.04906894266605377	0.02942189760506153	0.006687986198812723	0.009625720791518688	0.013884549029171467	0.04425602261963667
S	0.14351356029510498	0.061129141598939896	0.15580253303050995	0.062125254422426224	0.06976980715990067	0.05592112988233566	0.04661298543214798	0.07047612220048904	0.044365279376506805	0.023006176576018333	0.023047467693686485	0.057579588145017624	0.031021052971482277	0.028673632070422173	0.08029615879058838	-0.8927865624427795	0.17754733562469482	0.02802995592355728	0.04114118218421936	0.025488056242465973	0.0724203220082771
T	0.0914490595459938	0.033524639904499054	0.08275438100099564	0.028565384447574615	0.02865222841501236	0.0423048660159111	0.04093750938773155	0.020568009465932846	0.027684912085533142	0.060268647968769073	0.02318749763071537	0.06108691170811653	0.06028382107615471	0.0130740562453866	0.04185620695352554	0.154353067278862	-0.7951205968856812	0.009440625086426735	0.018124721944332123	0.06196672096848488	0.06295954149288784
W	0.002199207665398717	0.011447016149759293	0.0016692220233380795	0.0017751342384144664	0.008174694143235683	0.002907460555434227	0.0021841840352863073	0.003910657949745655	0.004012506455183029	0.003153958125039935	0.0076663861982524395	0.002507878467440605	0.005840387661010027	0.01668747328221798	0.0021078800782561302	0.005398646462708712	0.0020915204659104347	-0.37161874771118164	0.025759750977158546	0.004377719480544329	0.013948352737063774
Y	0.008824990130960941	0.01189530547708273	0.025578003376722336	0.010821103118360043	0.01533112209290266	0.00955659244209528	0.007151380181312561	0.004576189909130335	0.0854204073548317	0.012997160665690899	0.01524285040795803	0.006705137901008129	0.012733309529721737	0.15027466416358948	0.007590062450617552	0.019824432209134102	0.010046026669442654	0.0644470825791359	-0.5444568395614624	0.010850907303392887	0.034896710983307835
V	0.0871681198477745	0.017811506986618042	0.016628848388791084	0.01368274912238121	0.05156836286187172	0.02107495255768299	0.02990070730447769	0.0147562175989151	0.011999269016087055	0.3017527759075165	0.10130886733531952	0.022388003766536713	0.1011577919125557	0.03986935317516327	0.02175208181142807	0.02440156228840351	0.06823989748954773	0.021760378032922745	0.021558718755841255	-0.7412548661231995	0.0693332251536074
