A	R	N	D	C	Q	E	G	H	I	L	K	M	F	P	S	T	W	Y	V	*
A	-1.106992619625832	0.0611476934345308	0.07070811769898426	0.07964244126190062	0.09530352773556766	0.08604666052537135	0.1298738743180228	0.1284691001808651	0.04043531791700477	0.04423303229693439	0.04714645168486987	0.08787641241352065	0.0763383490822474	0.027652756193256932	0.12726648491636802	0.2407524219929648	0.17646390301654497	0.019154972865863238	0.030723306372582443	0.15274059596552392	0.08519337149072115
R	0.03252465540130355	-0.987444955074287	0.04059686864275266	0.016496657267408038	0.02655068115434821	0.12094694564528209	0.03518805100243867	0.03178615183785468	0.0916274173309005	0.014091058853252507	0.02703916889962838	0.20418205511358212	0.03287543987916803	0.00874647834486561	0.035722698374684426	0.05454546429928102	0.03440910397713125	0.053032263647407284	0.02202733387919746	0.016600840485767897	0.04531462970363512
N	0.03560102799415815	0.038428479127591314	-1.310872971720122	0.18460061967502894	0.01647353495455642	0.06606096577812903	0.05719712210598865	0.050369221322275524	0.13637960332393323	0.02254237443325663	0.010491336415680712	0.10610720728595756	0.01541624096933701	0.01003718417609571	0.018019806755902774	0.13159687310410356	0.08040090624764472	0.0073201955427663725	0.044834640080975256	0.014670748915926901	0.042894256197106725
D	0.05216387935661717	0.0203136849542583	0.2401403885825089	-1.0131906477150798	0.007047925992596429	0.05992528940142437	0.28406826744264463	0.057840992856115915	0.06022718898029734	0.008329228838473889	0.009455974760985805	0.049469504371818816	0.011203655719564613	0.006660979864282558	0.03234966159395405	0.06826078092032628	0.03610289772819725	0.010126790110948426	0.02467462620386355	0.015703464984912423	0.05579961057681776
C	0.020838743406412803	0.010914544466392295	0.007154117306133292	0.0023528731327458877	-0.5605404101982655	0.0037177030096155845	0.0026174756971718174	0.007903831406215157	0.0064085714644595134	0.006801810819622746	0.009432434759024949	0.003630031460097066	0.008752420287869524	0.009565219388551724	0.003969162478219073	0.025592208826490267	0.012089200458623293	0.015568591909839457	0.011670519254744265	0.01975798711339117	0.018628088937469603
Q	0.04043784397323933	0.10686028547670301	0.06166029425919834	0.04299706299654097	0.007990356800880663	-1.2678420207893637	0.16817237178227193	0.019284679611413353	0.13801494716181142	0.011340851650764946	0.034387955228719465	0.1309634943856551	0.05152741943392885	0.00824077370684265	0.03905336328469579	0.04408670431385769	0.03836374462023844	0.01190099067567434	0.01563546333858109	0.017354710227257732	0.04003684297295284
E	0.0905654643523736	0.046132119249111925	0.07921760163385773	0.30243929960736343	0.008347586573648588	0.24954076022396557	-1.1696038797618695	0.04401908781805633	0.05122631140580026	0.015382091398380454	0.016336590035253215	0.13882136206043286	0.025928862264220275	0.00917129207485563	0.04833708212735815	0.05452874079764819	0.05508570565094843	0.013266162041613076	0.01736138661247916	0.03653584145463306	0.05940823336502453
G	0.11399370891048148	0.05302584093029353	0.08876752855421129	0.07835967218779868	0.032074305527123155	0.03641167157997774	0.05601217064165968	-0.5901546928851362	0.029101490615043506	0.008239215839354141	0.010425830943215239	0.04114419942038227	0.01822045026044373	0.008585354604963888	0.02930026016304032	0.10490637699495116	0.03521690010523952	0.030223673167827786	0.014136436226210648	0.022943204574123677	0.0755941205472438
H	0.012394090930577351	0.05280155582373811	0.08302520508567093	0.02818519625453431	0.008983644080438337	0.09001729686842024	0.022516768563539274	0.010052796053612699	-1.0079196209971297	0.006404128288259336	0.014738863451206678	0.029902853401195827	0.013031291936009562	0.022466481185376513	0.02021257629961191	0.0228126013575124	0.0163747106409844	0.010712352391099755	0.09115261438238215	0.006444740419487918	0.026113171532548298
I	0.026494581987498565	0.01586797074489896	0.026817404536886427	0.007617103437960255	0.018632552030786467	0.014454464315552884	0.013212497291733965	0.00556178282950649	0.01251458726603982	-1.109004454747293	0.1565663041484568	0.020946403604384697	0.17667715422446906	0.0593686167312848	0.011057206214855168	0.02311705886714655	0.06965919608942348	0.016454381020268884	0.027102702799811935	0.31670757020377605	0.05102889869780768
L	0.043890444884832125	0.047324024672664965	0.01939806527122921	0.01344008141179446	0.0401589338966904	0.06811979457666882	0.021809288211227736	0.01093828966061826	0.04476422925167363	0.24333740360240633	-0.8032373908118405	0.03205908012824142	0.3325167616653788	0.175432528333888	0.039276580594609464	0.03599331576189128	0.04165349857533417	0.0621622702416595	0.04940157444317238	0.16525902942444243	0.07930978357340696
K	0.06471065989454229	0.28267573312370864	0.1551869233841723	0.055618047432435404	0.012225070940758382	0.2052106035882122	0.14659495348682966	0.034145225396093784	0.07183933933627562	0.025751507085690406	0.025359091819850806	-1.1173746204387354	0.05669503456268433	0.010507565862150946	0.04480773798050872	0.07112950956573119	0.08680172556160941	0.016085157128755242	0.01718956697673881	0.028887883474905496	0.0627349209169763
M	0.019842847728093464	0.016065721636149236	0.007958779769843325	0.004446268361285667	0.010404635711118802	0.028500050172267394	0.009665044429449057	0.0053375033673984966	0.011050829981426069	0.07667102351657112	0.09284399363805675	0.020012562316971676	-1.1792107770861335	0.027070339530451328	0.006327891061112788	0.013526813326830351	0.030236999376165127	0.013222640031725224	0.011522752933653867	0.046074155422455056	0.022144561457449374
F	0.012329588841647742	0.0073318025188241955	0.00888850592305929	0.004534431973808868	0.019504846263508523	0.007818512595192713	0.005864078847804279	0.004314059797422268	0.03268070245878854	0.04419332726160918	0.084023223076221	0.006362220590334215	0.04643469350546499	-0.7484561293894735	0.00898319783706567	0.0214471975731504	0.011248565599465674	0.06480611347692435	0.2332650106913966	0.03114914739200329	0.03798533503605917
P	0.06611204470703617	0.03488817014358492	0.0185918841191363	0.025657299266057056	0.009429807766789424	0.04316890122575518	0.03600859162877349	0.01715362180744938	0.03425582203483046	0.009589623987047123	0.02191690856604136	0.031609381025646165	0.012646324684556629	0.010466160188020076	-0.6837271682042307	0.06997438203347552	0.04195686703864217	0.00953735042744441	0.013726683874100799	0.01979995258389579	0.04425602261963668
S	0.2046563905690434	0.08717273442661372	0.22218098405454936	0.08859323333023686	0.09949468799103091	0.07974589003804297	0.06647208342246241	0.10050192303219499	0.06326675977595962	0.032807778227787306	0.03286666110329502	0.08211092147654929	0.04423733004560687	0.0408898088234351	0.11450570943156435	-1.2731512969392569	0.2531899897778506	0.03997189948691053	0.058669061183153945	0.03634704332104693	0.07242032200827707
T	0.13041021635260047	0.04780755061663476	0.11801123799460819	0.04073544314722927	0.04085928630798674	0.06032852341284061	0.05837861518417945	0.029330849083752466	0.03947985241949123	0.08594563421325206	0.03306634970014268	0.087112512820988	0.08596727170440534	0.0186441556865811	0.05968871666485728	0.2201139847523529	-1.1338755103776574	0.013462729591062617	0.0258466180169113	0.08836715793776967	0.06295954149288778
W	0.0031361628962920064	0.01632392787955377	0.0023803810152313453	0.0025314163014449565	0.011657458667462081	0.0041461613925087085	0.0031147385660354947	0.005576763192964837	0.005722003457820669	0.004497677324353837	0.010932590096827179	0.003576340480138759	0.008328639159731435	0.023797040799722717	0.003005925904710528	0.007698697577736728	0.002982596407435886	-0.5299440095972066	0.03673449147315505	0.006242812637145262	0.013948352737063775
Y	0.012584808176287009	0.016963207369742602	0.03647531172858336	0.01543134949495447	0.021862826791105648	0.013628103931899525	0.010198169793048748	0.006525839840049157	0.12181310403162997	0.018534499346379685	0.021736947644960376	0.009561809478256116	0.01815823649690432	0.21429800987763795	0.010823749213265102	0.028270476550503756	0.014326057785067773	0.09190425821942974	-0.7764184191107286	0.015473851519990511	0.034896710983307794
V	0.12430541576734752	0.025399960275397617	0.023713439228821877	0.01951217740463092	0.07353866066149949	0.030053771316105687	0.042639669866824124	0.021042988732461725	0.017111463761679768	0.43031218676781796	0.14447071815966747	0.03192623772613515	0.14425527823424886	0.056855379368841795	0.031019386194136866	0.03479765711282883	0.09731297226753222	0.031031216955933662	0.030743642320565437	-1.0570607061839286	0.06933322515360744
