A	R	N	D	C	Q	E	G	H	I	L	K	M	F	P	S	T	W	Y	V	*
A	-1.1056983096377406	0.061158189987427634	0.07076057090216072	0.07937829087461126	0.09488249288543282	0.08608896882117	0.12984087632558394	0.1281921396714394	0.040417871429848665	0.04415408027667707	0.04706757170487064	0.08787992196739298	0.07608572614969764	0.02741429248366368	0.12711407880501857	0.24182139530656652	0.17629856978863226	0.018776097273814598	0.03057677754203025	0.1529044556456171	0.08527573478949164
R	0.0325259177330767	-0.9862295348361667	0.040457594758801854	0.016574594319266604	0.02640112467857643	0.12120181372667616	0.03513650056945328	0.031649492819900975	0.0913680796143997	0.013851005917508758	0.0271157782216581	0.20473876061196492	0.03299307626474074	0.008684660667878817	0.03561298849946631	0.054536820007463065	0.03432693524089689	0.05311429312279679	0.021926783192466548	0.016601034235879265	0.04535241551234225
N	0.0355397636475561	0.03820747277148103	-1.3134063923996016	0.18509581060397615	0.0161615129708644	0.06605869980266135	0.05734142210588474	0.05042981447707019	0.13728939557464107	0.02247580736017524	0.010351720088227235	0.10635499109589955	0.01533130135490427	0.010098372959534384	0.017749082143143823	0.13166518311927555	0.0808081982911155	0.007397743882670167	0.04463528035844669	0.014527378469423159	0.042830052232154976
D	0.05193658624817625	0.020391052103703265	0.24112656590731515	-1.013134998799799	0.00711755128332003	0.05965667110680433	0.28444285429392996	0.057736311458570944	0.06027296758624172	0.008364746946672335	0.00931257144267035	0.04933817113668682	0.011348195619902276	0.006633919532605298	0.03222760652398054	0.06860681959132683	0.03594033848170599	0.009934141780010487	0.024467356917030975	0.015598631545636395	0.055795232325200755
C	0.020797146887053725	0.010880909076621427	0.007053043360385301	0.002384386585366453	-0.5574009300905671	0.0037938386283437285	0.0024935815980508865	0.0078537742320594	0.0064599682985914675	0.006755922328260914	0.00942167044664218	0.0036927290390509986	0.00890561975397118	0.009539571352817881	0.0039093829068669265	0.025583198867184468	0.012055587814375436	0.01568576772893853	0.011559510796345738	0.019688486830022448	0.01869145750416822
Q	0.04036187296878631	0.10684592888893382	0.061663853530588356	0.042747546015724246	0.008114933380022714	-1.2693742100814802	0.1688648204316384	0.01922868896632479	0.13815167299706282	0.011276910806115741	0.03422510641392094	0.13115479638887403	0.05175036024507845	0.008329182339942731	0.0389555417607429	0.044006911059286336	0.038353167648181655	0.011716841487594706	0.015441564602459984	0.017240632140220716	0.03998059238862843
E	0.09047942297052843	0.046038587843817244	0.07955797504267087	0.30294360520128416	0.007927646866892584	0.25098851023899515	-1.1702404602302883	0.043930664691800125	0.05136179201774629	0.015247361047828615	0.016438316021240212	0.13885887096701394	0.02635221761966579	0.009059368878820619	0.04825029751770873	0.054148498974977144	0.055376598284682645	0.013310661158129239	0.0170533092099927	0.0367293888451207	0.05942427114103084
G	0.11374343316893124	0.052802779060394815	0.089090037852034	0.078296504428722	0.03179257228684443	0.03639073190576205	0.05593637542820309	-0.5888468689900678	0.028890985939013875	0.00818938648132521	0.010308558102395001	0.04127710305862916	0.018078235323503004	0.008601250615819333	0.029302794896086958	0.1052142310224056	0.03503907269357926	0.03028633242607717	0.014022264493375968	0.022715778378460224	0.07566419413832859
H	0.012351238368229179	0.05249968727953998	0.08353163219609444	0.028150626339019335	0.009006370965914274	0.09004705269928	0.022523657219698803	0.00995026241534075	-1.0091001432651545	0.006396730008114806	0.014778961024191236	0.029935368714730355	0.013054560676126627	0.02233438763005659	0.020357559409133613	0.022796511773825186	0.01630871860535302	0.010746578541557654	0.09115588049567122	0.006245681818025145	0.026059289833816317
I	0.026379665075986596	0.015559829679614532	0.026735641104260438	0.007637999064673493	0.01841473372215067	0.014370266280761497	0.013072381879573259	0.005514230060882872	0.012506026483916749	-1.1116298559140905	0.15666778529843378	0.0208639071523152	0.17660553281734706	0.05925615365717232	0.011011038402847421	0.022992707233356002	0.0698239805290859	0.016287878093427223	0.026990598310099156	0.3176050493541501	0.05094763072169847
L	0.04383440437015526	0.0474832519098037	0.01919475926658052	0.013255354621926693	0.04003166038194321	0.06798519959430777	0.021969097653111648	0.010819974443473076	0.04504017668821222	0.24421625429055877	-0.8020131552112645	0.03191607039061015	0.3343634827012804	0.17536812838735782	0.03909638102439224	0.035898037263641935	0.04133380779068079	0.06229512736919211	0.049306274173133574	0.16510260315562983	0.07941798136138606
K	0.06461265850824581	0.28304344895577516	0.1556907123550923	0.05544206077700132	0.012386759384796163	0.2056782422819021	0.146508624477691	0.034203629154556374	0.07202370125293439	0.025675870449365066	0.025196725174754877	-1.1183933894158091	0.056824815776583895	0.010530228977218748	0.044645079868422914	0.07120878812873106	0.08675632427893848	0.016349609488535356	0.017130632640737557	0.028988329945207912	0.06269796286407239
M	0.019724100544656776	0.016082069623603288	0.007913158931450816	0.0044962375421001175	0.010532718582455951	0.02861433517832012	0.009803311700537321	0.005281838764925785	0.011074373253810896	0.0766301904553318	0.0930721172870047	0.020035680819963993	-1.181424543853896	0.026945149771939136	0.006317262934562649	0.013494582952124513	0.03031529615792808	0.013245541869369416	0.011555684793971009	0.045777108666811915	0.022106476571167863
F	0.01221137133073852	0.007273866710021913	0.008956031501153507	0.004516333158841909	0.019386463284038896	0.007913452475330734	0.005790911720932404	0.004318014196262472	0.032555497244946385	0.04417966052906997	0.08387735184534587	0.006379655355174808	0.04629925039499123	-0.747451249341101	0.008991071370609047	0.02131932834297618	0.011214670675185646	0.06464927424484618	0.2337441801080165	0.030919824397006627	0.037985066346917555
P	0.06599237212838081	0.03476430679358814	0.01834648035587593	0.025571516703602446	0.009259565804925061	0.0431365600766184	0.035946913423196794	0.01714526348569981	0.03458507066618736	0.009568190777561518	0.021794317654233838	0.031524317322535717	0.01265129428737854	0.010479102682433988	-0.6824563790444265	0.07030929022517438	0.04182203968298741	0.009556156582033279	0.013539654076724637	0.019738217136054965	0.04427163405727069
S	0.20509970040103528	0.08697314947264673	0.22234023432544653	0.08893360765629636	0.09899367865724348	0.07960996541586908	0.06590498433603874	0.1005726357376474	0.06327054057570879	0.03264088320045322	0.03269246526073574	0.08214401275507321	0.044150504779793855	0.040593490125526245	0.11486373786889824	-1.2757792404290416	0.25451799356726196	0.039874029525523796	0.058847469949226794	0.036226493001399206	0.0723262228332695
T	0.13001920092198918	0.0476012962772741	0.1186563336258331	0.04051065336687134	0.04056293066265893	0.06033039624605736	0.058606605056721	0.02912368898739982	0.039358756282715214	0.08619158116752468	0.032731868560646915	0.08702256195673408	0.08624350974201132	0.01856768774036296	0.059410593051558935	0.22131296317154214	-1.1352657089599605	0.013333066501715653	0.025851456038590022	0.08846307226646484	0.06289037012145211
W	0.0030707793569412314	0.016333518649012453	0.0024089032929688597	0.002483144512974572	0.011703921142684608	0.004087239046967568	0.00312395300993358	0.005582451976027624	0.005751436690373885	0.004458710826278427	0.010939665305187227	0.0036368268625883546	0.008356394740449916	0.02373665557281481	0.0030104152583264043	0.007688880923483056	0.002956750250399718	-0.5291487839181297	0.03663027474725978	0.006211744393441932	0.01394661208943545
Y	0.012513746908668289	0.0168731306522406	0.03637062304643921	0.01530421696601389	0.021583279468443982	0.01347917300197721	0.010015345287002689	0.006467684860923536	0.12207964676763676	0.018488843619894318	0.02166728819552172	0.009535447392369552	0.018243044762399373	0.21475786789553392	0.010673409970616908	0.028395739892944995	0.014345709017754628	0.09166269172918952	-0.775013121562168	0.015368817587015962	0.03489965579360324
V	0.12450494603126686	0.025417136900830552	0.023552144483962853	0.019412491577090622	0.07314102637216537	0.0299430361691577	0.04291822081447688	0.020846303347907453	0.016642139207455227	0.4328678391603776	0.1443534032403607	0.03210418125441058	0.14378734469922938	0.05652180786540904	0.030958097663334953	0.03477942761404921	0.0976719189859724	0.03092692683464255	0.030578148149168816	-1.0566528039564296	0.06943714737456438
