A	R	N	D	C	Q	E	G	H	I	L	K	M	F	P	S	T	W	Y	V	*
A	-0.9331369400024414	0.05161350592970848	0.05971728637814522	0.06699007749557495	0.08007460832595825	0.07265345007181168	0.10957719385623932	0.1081857681274414	0.03411003574728966	0.03726315125823021	0.03972194716334343	0.07416489720344543	0.06421136856079102	0.023135866969823837	0.10727595537900925	0.20408141613006592	0.14878444373607635	0.01584579609334469	0.025804797187447548	0.12904134392738342	0.08527573478949155
R	0.027449743822216988	-0.8323131203651428	0.034143559634685516	0.013987871818244457	0.022280819714069366	0.10228639096021652	0.029652904719114304	0.02671009860932827	0.07710867375135422	0.011689341627061367	0.022883940488100052	0.17278610169887543	0.02784399501979351	0.007329284679144621	0.030055029317736626	0.04602550342679024	0.02896968461573124	0.044824983924627304	0.01850476861000061	0.01401018537580967	0.04535241551234227
N	0.02999323233962059	0.03224460408091545	-1.108428955078125	0.15620873868465424	0.013639258220791817	0.05574921518564224	0.048392403870821	0.042559459805488586	0.11586325615644455	0.018968109041452408	0.008736173622310162	0.08975664526224136	0.012938614003360271	0.008522365242242813	0.014979062601923943	0.11111678928136826	0.06819682568311691	0.006243211217224598	0.03766925260424614	0.012260155752301216	0.042830052232154955
D	0.043831076472997665	0.017208712175488472	0.20349502563476562	-0.8550195693969727	0.006006747018545866	0.05034632235765457	0.24005113542079926	0.048725664615631104	0.05086643621325493	0.0070592984557151794	0.007859200239181519	0.04163818433880806	0.009577133692800999	0.005598593503236771	0.02719798870384693	0.05789966136217117	0.030331291258335114	0.008383764885365963	0.02064884640276432	0.013164223171770573	0.05579523232520077
C	0.017551429569721222	0.00918277446180582	0.005952306557446718	0.0020122660789638758	-0.4704098701477051	0.003201751271262765	0.0021044195163995028	0.006628070957958698	0.005451790057122707	0.005701555870473385	0.007951272651553154	0.003116421401500702	0.00751575967296958	0.008050773292779922	0.003299263073131442	0.021590543910861015	0.010174126364290714	0.01323776040226221	0.009755469858646393	0.016615793108940125	0.018691457504168223
Q	0.03406277671456337	0.0901709645986557	0.05204025283455849	0.036076128482818604	0.00684847217053175	-1.0712686777114868	0.14251084625720978	0.016227753832936287	0.1165909618139267	0.009516973979771137	0.02888374775648117	0.1106860563158989	0.043673913925886154	0.007029284257441759	0.03287592530250549	0.03713895007967949	0.032367561012506485	0.009888246655464172	0.013031668961048126	0.014549964107573032	0.03998059238862842
E	0.07635870575904846	0.03885355219244957	0.06714171916246414	0.25566455721855164	0.006690414622426033	0.21181786060333252	-0.9876062870025635	0.037074603140354156	0.04334598779678345	0.01286777388304472	0.013872861862182617	0.11718779057264328	0.022239545360207558	0.007645513862371445	0.04072009027004242	0.045697785913944244	0.046734221279621124	0.01123332604765892	0.014391875825822353	0.030997198075056076	0.05942427114103088
G	0.09599200636148453	0.04456208646297455	0.07518615573644638	0.06607712060213089	0.026830848306417465	0.030711393803358078	0.047206636518239975	-0.4969481825828552	0.024382099509239197	0.006911305710673332	0.008699747733771801	0.034835170954465866	0.015256846323609352	0.007258892059326172	0.024729639291763306	0.08879391849040985	0.0295706819742918	0.02555968053638935	0.011833872646093369	0.019170628860592842	0.07566419413832864
H	0.010423636063933372	0.04430629685521126	0.07049522548913956	0.02375728450715542	0.007600787095725536	0.07599381357431412	0.019008491188287735	0.008397369645535946	-0.8516144156455994	0.005398421082645655	0.012472474947571754	0.02526349015533924	0.011017194017767906	0.018848760053515434	0.017180446535348892	0.01923876255750656	0.0137634901329875	0.009069408290088177	0.07692959159612656	0.005270946305245161	0.026059289833816335
I	0.022262709215283394	0.013131476938724518	0.022563129663467407	0.006445970851927996	0.015540828928351402	0.01212756335735321	0.011032233946025372	0.004653648938983679	0.010554267093539238	-0.9381427764892578	0.13221734762191772	0.01760777086019516	0.1490435004234314	0.05000831186771393	0.009292595088481903	0.01940433867275715	0.058926865458488464	0.013745902106165886	0.02277829684317112	0.2680378556251526	0.05094763072169845
L	0.0369933657348156	0.04007275402545929	0.01619911938905716	0.011186650954186916	0.03378409892320633	0.05737505480647087	0.018540479242801666	0.009131349623203278	0.03801095858216286	0.20610252022743225	-0.6768465638160706	0.026935072615742683	0.28218087553977966	0.14799921214580536	0.03299478441476822	0.030295591801404953	0.03488302603363991	0.052573006600141525	0.041611265391111374	0.1393357813358307	0.07941798136138604
K	0.0545288510620594	0.23887012898921967	0.13139276206493378	0.046789467334747314	0.010453613474965096	0.17357896268367767	0.12364368140697479	0.028865622356534004	0.06078328564763069	0.021668752655386925	0.02126438543200493	-0.9438507556915283	0.047956421971321106	0.008886823430657387	0.037677522748708725	0.06009555235505104	0.07321665436029434	0.013797999359667301	0.01445713173598051	0.024464251473546028	0.06269796286407243
M	0.016645848751068115	0.013572213239967823	0.006678187754005194	0.003794529940932989	0.00888892449438572	0.024148624390363693	0.008273352868855	0.004457525908946991	0.009346045553684235	0.0646708607673645	0.07854676991701126	0.016908802092075348	-0.9970449209213257	0.022739941254258156	0.005331356078386307	0.011388543993234634	0.02558412402868271	0.011178369633853436	0.009752240963280201	0.03863288089632988	0.022106476571167863
F	0.010305597446858883	0.006138666998594999	0.007558303885161877	0.003811489325016737	0.016360905021429062	0.006678435485810041	0.004887150134891272	0.0036441211123019457	0.02747470699250698	0.037284739315509796	0.0707869902253151	0.005384011194109917	0.039073534309864044	-0.6307998895645142	0.007587875239551067	0.017992116510868073	0.009464447386562824	0.054559752345085144	0.19726477563381195	0.026094306260347366	0.037985066346917624
P	0.055693238973617554	0.02933879755437374	0.01548322755843401	0.021580684930086136	0.007814466953277588	0.036404430866241455	0.030336840078234673	0.014469479210674763	0.029187534004449844	0.00807492621243	0.018392976373434067	0.026604458689689636	0.010676863603293896	0.008843676187098026	-0.5759484767913818	0.05933643504977226	0.03529506176710129	0.008064770139753819	0.01142658106982708	0.016657762229442596	0.04427163405727071
S	0.17309071123600006	0.07339964061975479	0.18764059245586395	0.07505413889884949	0.08354417979717255	0.06718559563159943	0.0556194894015789	0.08487671613693237	0.05339619144797325	0.02754676714539528	0.027590299025177956	0.06932416558265686	0.037260133773088455	0.034258246421813965	0.09693747013807297	-1.0766741037368774	0.2147965133190155	0.033651068806648254	0.04966340959072113	0.030572786927223206	0.07232622283326949
T	0.10972768813371658	0.04017237573862076	0.10013817250728607	0.03418833762407303	0.03423245623707771	0.05091490224003792	0.04946013540029526	0.024578485637903214	0.0332162119448185	0.07274004817008972	0.027623552829027176	0.07344134151935577	0.07278387248516083	0.015669912099838257	0.050138648599386215	0.1867736428976059	-0.9580898880958557	0.011252234689891338	0.021816935390233994	0.07465703785419464	0.06289037012145218
W	0.0025915366131812334	0.013784419745206833	0.002032956574112177	0.002095611300319433	0.009877342730760574	0.003449362004175782	0.0026364116929471493	0.004711223766207695	0.004853835795074701	0.0037628598511219025	0.009232360869646072	0.0030692436266690493	0.007052249740809202	0.020032182335853577	0.0025405932683497667	0.006488911807537079	0.0024953035172075033	-0.4465669095516205	0.03091355226933956	0.005242305342108011	0.013946612089435453
Y	0.010560782626271248	0.014239816926419735	0.030694423243403435	0.012915756553411484	0.0182148739695549	0.011375539004802704	0.008452295325696468	0.005458302330225706	0.10302722454071045	0.01560337282717228	0.01828577183187008	0.008047292940318584	0.0153959346935153	0.18124157190322876	0.009007658809423447	0.02396414428949356	0.012106838636100292	0.07735730707645416	-0.6540603041648865	0.0129702752456069	0.03489965579360326
V	0.10507401823997498	0.021450398489832878	0.019876467064023018	0.016382871195673943	0.06172623485326767	0.02526996098458767	0.03622016683220863	0.017592914402484894	0.014044875279068947	0.3653120994567871	0.12182481586933136	0.027093825861811638	0.1213470995426178	0.047700703144073486	0.02612660638988018	0.029351558536291122	0.0824287012219429	0.02610030025243759	0.02580595389008522	-0.8917457461357117	0.06943714737456443
