-1.063498735427856445e+00 2.417585067451000214e-02 2.013224177062511444e-02 4.183259233832359314e-02 1.982052437961101532e-02 3.345378488302230835e-02 9.126067906618118286e-02 1.188738942146301270e-01 7.652297616004943848e-03 9.079408831894397736e-03 3.414651006460189819e-02 5.608682334423065186e-02 1.721550710499286652e-02 8.385313674807548523e-03 6.562212854623794556e-02 2.336737066507339478e-01 1.300044953823089600e-01 1.673426828347146511e-03 8.357082493603229523e-03 1.420524120330810547e-01
4.757318645715713501e-02 -9.274952411651611328e-01 2.476438134908676147e-02 8.367903530597686768e-03 1.023754663765430450e-02 1.096403002738952637e-01 2.550660632550716400e-02 4.947693273425102234e-02 5.208679661154747009e-02 9.476973675191402435e-03 4.348621517419815063e-02 3.316265642642974854e-01 1.329541672021150589e-02 3.652903018519282341e-03 3.086584806442260742e-02 8.457848429679870605e-02 3.433190286159515381e-02 1.683585718274116516e-02 1.342286821454763412e-02 1.826855726540088654e-02
4.485153034329414368e-02 2.803703583776950836e-02 -1.395288109779357910e+00 3.113470673561096191e-01 5.213147494941949844e-03 5.781348794698715210e-02 5.541789531707763672e-02 9.458279609680175781e-02 9.804471582174301147e-02 2.673543989658355713e-02 1.090337336063385010e-02 1.895006597042083740e-01 4.009038675576448441e-03 3.516252618283033371e-03 9.303444996476173401e-03 2.794761657714843750e-01 1.241040155291557312e-01 1.016221824102103710e-03 3.767233341932296753e-02 1.374359894543886185e-02
6.397387385368347168e-02 6.503153592348098755e-03 2.137211710214614868e-01 -9.436641335487365723e-01 6.324274581857025623e-04 2.241151407361030579e-02 3.590475916862487793e-01 7.164701819419860840e-02 2.188214845955371857e-02 1.960978843271732330e-03 7.226314395666122437e-03 2.988292090594768524e-02 2.046379726380109787e-03 1.859228126704692841e-03 1.960569806396961212e-02 7.429238408803939819e-02 2.281388081610202789e-02 1.754636177793145180e-03 1.160774659365415573e-02 1.079506892710924149e-02
9.054137766361236572e-02 2.376552298665046692e-02 1.068924088031053543e-02 1.889099483378231525e-03 -4.716872572898864746e-01 3.948124591261148453e-03 1.639737514778971672e-03 2.558749541640281677e-02 6.268335506319999695e-03 8.488439954817295074e-03 3.350648283958435059e-02 4.428082145750522614e-03 7.864338345825672150e-03 1.614196784794330597e-02 4.631997551769018173e-03 9.861899167299270630e-02 3.101207688450813293e-02 1.053009275346994400e-02 1.935192383825778961e-02 7.278396189212799072e-02
7.939603179693222046e-02 1.322340220212936401e-01 6.158820167183876038e-02 3.478057682514190674e-02 2.051220508292317390e-03 -1.316100239753723145e+00 3.201898932456970215e-01 2.731077559292316437e-02 1.048146113753318787e-01 5.738861858844757080e-03 7.505613565444946289e-02 2.403519600629806519e-01 3.018268384039402008e-02 3.834008472040295601e-03 4.223803430795669556e-02 7.244528084993362427e-02 5.215875059366226196e-02 3.132262732833623886e-03 7.573510054498910904e-03 2.102345973253250122e-02
1.362826377153396606e-01 1.935659535229206085e-02 3.714682906866073608e-02 3.506072759628295898e-01 5.360424402169883251e-04 2.014702707529067993e-01 -1.176069140434265137e+00 4.708884283900260925e-02 1.430806145071983337e-02 6.040033418685197830e-03 1.314888615161180496e-02 1.598160266876220703e-01 6.409217137843370438e-03 3.238934557884931564e-03 3.145383298397064209e-02 4.816200584173202515e-02 5.033501237630844116e-02 2.340028528124094009e-03 6.791446357965469360e-03 4.153723269701004028e-02
1.240050792694091797e-01 2.622860670089721680e-02 4.428738728165626526e-02 4.887235164642333984e-02 5.843174178153276443e-03 1.200420968234539032e-02 3.289381042122840881e-02 -4.753217697143554688e-01 6.109233479946851730e-03 1.320434152148663998e-03 5.335411056876182556e-03 2.310452237725257874e-02 3.361180657520890236e-03 2.024206100031733513e-03 1.082192547619342804e-02 9.320320188999176025e-02 1.414850633591413498e-02 4.767775069922208786e-03 3.705740906298160553e-03 1.328498590737581253e-02
2.725403755903244019e-02 9.427274018526077271e-02 1.567393541336059570e-01 5.096136778593063354e-02 4.887190181761980057e-03 1.572922319173812866e-01 3.412424027919769287e-02 2.085800096392631531e-02 -9.461407661437988281e-01 6.767920218408107758e-03 4.282641038298606873e-02 5.468433350324630737e-02 8.175213821232318878e-03 2.622214145958423615e-02 3.253636881709098816e-02 5.013759806752204895e-02 2.888979576528072357e-02 4.003091249614953995e-03 1.367294639348983765e-01 8.779267780482769012e-03
1.628030836582183838e-02 8.635633625090122223e-03 2.151826769113540649e-02 2.299270592629909515e-03 3.331969026476144791e-03 4.335880745202302933e-03 7.252497598528862000e-03 2.269701799377799034e-03 3.407385898754000664e-03 -1.177167773246765137e+00 2.758579552173614502e-01 1.988471671938896179e-02 8.178663253784179688e-02 4.133745655417442322e-02 4.325336776673793793e-03 2.209350839257240295e-02 8.931867033243179321e-02 2.897722879424691200e-03 1.461673993617296219e-02 5.557180643081665039e-01
3.448682650923728943e-02 2.231916785240173340e-02 4.942909814417362213e-03 4.772389307618141174e-03 7.408047560602426529e-03 3.194034472107887268e-02 8.892811834812164307e-03 5.165612325072288513e-03 1.214449852705001831e-02 1.553772240877151489e-01 -6.945803165435791016e-01 1.618257723748683929e-02 9.385625272989273071e-02 8.237165957689285278e-02 1.883697137236595154e-02 2.430182881653308868e-02 1.979128830134868622e-02 9.515815414488315582e-03 1.399194449186325073e-02 1.282821297645568848e-01
7.840983569622039795e-02 2.356017380952835083e-01 1.189146414399147034e-01 2.731774561107158661e-02 1.355168875306844711e-03 1.415806412696838379e-01 1.496143490076065063e-01 3.096376173198223114e-02 2.146513573825359344e-02 1.550329569727182388e-02 2.240012586116790771e-02 -1.070052385330200195e+00 1.800175569951534271e-02 3.548432840034365654e-03 2.531368844211101532e-02 6.704679876565933228e-02 8.402939140796661377e-02 2.005341462790966034e-03 4.764779470860958099e-03 2.221579849720001221e-02
7.703396677970886230e-02 3.023318387567996979e-02 8.052255958318710327e-03 5.987710785120725632e-03 7.703581824898719788e-03 5.690715089440345764e-02 1.920483820140361786e-02 1.441787648946046829e-02 1.027123350650072098e-02 2.040984630584716797e-01 4.158328473567962646e-01 5.761925876140594482e-02 -1.259061574935913086e+00 4.579349607229232788e-02 8.283813484013080597e-03 3.496550023555755615e-02 9.401023387908935547e-02 7.736911065876483917e-03 1.581403613090515137e-02 1.450951099395751953e-01
1.873244717717170715e-02 4.146987572312355042e-03 3.525901352986693382e-03 2.715938724577426910e-03 7.894046604633331299e-03 3.608899191021919250e-03 4.845298826694488525e-03 4.334878176450729370e-03 1.644766889512538910e-02 5.150078982114791870e-02 1.821990311145782471e-01 5.670248065143823624e-03 2.286211960017681122e-02 -6.758942604064941406e-01 7.293350063264369965e-03 3.747113421559333801e-02 1.027071103453636169e-02 2.158441767096519470e-02 2.254956066608428955e-01 4.529472440481185913e-02
1.246393173933029175e-01 2.979219146072864532e-02 7.931647822260856628e-03 2.435001172125339508e-02 1.925932476297020912e-03 3.380297869443893433e-02 4.000566527247428894e-02 1.970408484339714050e-02 1.735141314566135406e-02 4.581625573337078094e-03 3.542492538690567017e-02 3.439144790172576904e-02 3.516192315146327019e-03 6.200927309691905975e-03 -5.774251222610473633e-01 1.130504906177520752e-01 4.817587137222290039e-02 2.104798797518014908e-03 7.782802917063236237e-03 2.269282937049865723e-02
2.920619547367095947e-01 5.372105166316032410e-02 1.567923277616500854e-01 6.071856990456581116e-02 2.698321826756000519e-02 3.815238922834396362e-02 4.031000658869743347e-02 1.116716638207435608e-01 1.759501732885837555e-02 1.540014240890741348e-02 3.007441759109497070e-02 5.994230508804321289e-02 9.766578674316406250e-03 2.096461132168769836e-02 7.439313828945159912e-02 -1.326786756515502930e+00 2.664143443107604980e-01 7.522344123572111130e-03 2.796277776360511780e-02 1.633986458182334900e-02
1.849436014890670776e-01 2.481980249285697937e-02 7.924678921699523926e-02 2.122228965163230896e-02 9.657835587859153748e-03 3.126472607254981995e-02 4.795062914490699768e-02 1.929472386837005615e-02 1.153948437422513962e-02 7.086277008056640625e-02 2.787713333964347839e-02 8.550716191530227661e-02 2.988777682185173035e-02 6.540429778397083282e-03 3.608325868844985962e-02 3.032308518886566162e-01 -1.100668668746948242e+00 1.579422620125114918e-03 1.013032533228397369e-02 9.902977943420410156e-02
1.011905446648597717e-02 5.173541232943534851e-02 2.758268965408205986e-03 6.937969475984573364e-03 1.393905654549598694e-02 7.980643771588802338e-03 9.475399740040302277e-03 2.763732336461544037e-02 6.796569097787141800e-03 9.772035293281078339e-03 5.697342380881309509e-02 8.673848584294319153e-03 1.045534387230873108e-02 5.842495337128639221e-02 6.700991187244653702e-03 3.639328107237815857e-02 6.713524926453828812e-03 -4.442138671875000000e-01 8.691325038671493530e-02 2.581349760293960571e-02
2.070363238453865051e-02 1.689882948994636536e-02 4.189182445406913757e-02 1.880406960844993591e-02 1.049503777176141739e-02 7.905613631010055542e-03 1.126671396195888519e-02 8.800632320344448090e-03 9.510754793882369995e-02 2.019469439983367920e-02 3.432124108076095581e-02 8.443547412753105164e-03 8.755320683121681213e-03 2.500660419464111328e-01 1.015133410692214966e-02 5.542516708374023438e-02 1.764145120978355408e-02 3.560775518417358398e-02 -6.948855519294738770e-01 2.240510098636150360e-02
1.737878769636154175e-01 1.135781127959489822e-02 7.547207642346620560e-03 8.635916747152805328e-03 1.949281990528106689e-02 1.083731371909379959e-02 3.402919694781303406e-02 1.558041479438543320e-02 3.015714697539806366e-03 3.791581392288208008e-01 1.553925573825836182e-01 1.944120414555072784e-02 3.966991603374481201e-02 2.480523474514484406e-02 1.461688429117202759e-02 1.599389500916004181e-02 8.516395092010498047e-02 5.222573876380920410e-03 1.106435246765613556e-02 -1.034812927246093750e+00
