A	R	N	D	C	Q	E	G	H	I	L	K	M	F	P	S	T	W	Y	V	*
A	-1.089601890965	0.033610403138	0.021886891988	0.031242455504	0.196801915544	0.076685639004	0.08211359897	0.16335351864	0.028373466628	0.01184645878	0.031257715242	0.042420332188	0.08887295130999999	0.020059123266	0.09311215396599999	0.373759372012	0.169161786066	0.014288570321999998	0.017312212294	0.20144988942	0.07906592093407895
R	0.023780127512999998	-0.8833460017429998	0.042060807198000004	0.006934110713999999	0.029903317491	0.15707718142799998	0.02036084577	0.021827730671999997	0.135746486541	0.007104003530999999	0.016885678968	0.353886514047	0.027082884152999996	0.0029493214019999997	0.018602228553000002	0.048005825091	0.032389111767	0.033206969187	0.01759008804	0.009559589667	0.05594094405905597
N	0.011619989186	0.031561582806	-1.187062077839	0.213081506573	0.022196094336	0.07118258170399999	0.022739444624	0.060348024165	0.189284283526	0.008038721431	0.002872360179	0.090043939206	0.015573634908000001	0.003757990925	0.006791332898999999	0.168258843766	0.083982502383	0.001904748352	0.025690973425000003	0.003512971176	0.04197695802304197
D	0.020963179488	0.006576007608	0.269299856748	-0.8632897985519999	0.003318720912	0.027766674072	0.27819779124000005	0.044825014152	0.049185251928	0.00056712588	0.0007998119520000001	0.015011540868000002	0.001355372496	0.0009239536320000001	0.020926679712	0.0657990693	0.022592724720000002	0.0015857242800000001	0.007167696564000001	0.0020142252840000003	0.053051946948053076
C	0.032201279708000005	0.006915486287	0.0068406716160000006	0.000809286972	-0.8678211094820001	0.001097161096	4.5266563000000003e-05	0.007364581305	0.008286704791	0.004147951499	0.0076846685589999995	0.000171622242	0.01156153816	0.014298632187000001	0.0009752169340000001	0.036022791886	0.014793200760000002	0.008669445936	0.015078487484000001	0.025347347667	0.012936987063012963
Q	0.039539668698	0.11446998543599998	0.069130721784	0.021336877062	0.0034573677359999995	-1.2495353238379998	0.168310269297	0.010923884553	0.196232158335	0.0029700390179999998	0.023745024519	0.13185246349799998	0.068185620423	0.001461700785	0.025450593498	0.04989179607599999	0.044033904311999994	0.009629124632999999	0.010490816711999999	0.008574604643999999	0.04076695923304075
E	0.07434528237	0.02605515642	0.038778995232	0.37538767782	0.000250479414	0.295549315326	-0.842545001304	0.024972561342	0.030343945266	0.00316875429	0.004987611378	0.129368572722	0.01243699371	0.001346604246	0.030023812674	0.043808699177999996	0.04327695837	0.005573113272	0.008592968682	0.017541003924	0.07158592841407156
G	0.11846053548	0.022372438704	0.082430251365	0.04844552206199999	0.032639947305	0.015363965182999999	0.020001840439	-0.504145648785	0.017859558108	0.0004991185849999999	0.002537792957	0.017008218332	0.008000690306	0.0051365924819999995	0.011293152857	0.09976580663	0.007444406732	0.015394468466999999	0.0031351298229999997	0.004397805237000001	0.057336942663057396
H	0.00802227059	0.054246665354999994	0.10080401549	0.02072563347	0.014319338765	0.107605904275	0.009475859755	0.00696322482	-1.093246453867	0.0024340571100000003	0.008189016535	0.015587336719999999	0.00989146156	0.015249217345000001	0.011375364105	0.02213171826	0.01306117701	0.01334714217	0.11863427407	0.002660535615	0.02235497764502236
I	0.009312983309999998	0.007893379587	0.011903251971	0.0006644583299999999	0.019929212438999998	0.004528386078	0.0027513796049999997	0.0005410766849999999	0.006767778474	-1.415001896134	0.257644929519	0.009887251832999999	0.265634590299	0.069163772139	0.004865712117	0.003984574485	0.06425411502299999	0.006940450619999999	0.014452932110999999	0.661916543799	0.06215693784306197
L	0.039170385297	0.029907401688	0.0067798155870000005	0.0014937451560000001	0.058854807567	0.057710422017	0.006903270513	0.0043854241410000005	0.036295054677	0.410697383427	-0.7937553314879999	0.0136236375	0.625434742998	0.256886516052	0.024677113860000002	0.018061178247	0.030015201816	0.061393758192	0.029689423488000004	0.168709677345	0.0990809009190991
K	0.03465906280000001	0.4086639282	0.1385720388	0.018279151400000002	0.0008569836000000001	0.2089353924	0.11674363420000002	0.019162685600000003	0.0450432544	0.0102758574	0.008882500000000002	-0.976444345858	0.0424166184	0.0015451028	0.0252148012	0.0483649218	0.0734413498	0.0032239276000000003	0.0085228072	0.011964049200000002	0.06459993540006462
M	0.025797727284999995	0.011111336482999999	0.008514912804	0.000586352148	0.02051084968	0.038387131118999995	0.003987391985	0.003202536638	0.010155174872	0.098083554257	0.14487492845799999	0.015069718404	-1.5419613899769997	0.041285475203	0.0022916343989999996	0.00796307896	0.046369420066	0.015977912425	0.011046454006	0.043577476818	0.022950977049022936
F	0.010732059702	0.002230246044	0.00378708655	0.000736731632	0.046754327802	0.00151673821	0.000795742922	0.0037896669719999997	0.028855843978000003	0.047070577554	0.109676056984	0.001011779236	0.076095079606	-0.8106181028510001	0.003996016128	0.015305667338	0.006979872302	0.10394113254199999	0.330120662404	0.027694400266	0.042301957698042285
P	0.05186375004	0.014644753320000002	0.00712509948	0.01737184224	0.0033198232800000006	0.027493907760000002	0.01847077236	0.00867416244	0.022409798040000005	0.0034474952400000004	0.010968602400000001	0.01718978088	0.00439734996	0.00416019456	-0.41664802952999996	0.058931333280000005	0.02516745072	0.00418956924	0.00394655652	0.013057904040000002	0.04403995596004403
S	0.289289356854	0.052516266747	0.24529948452600003	0.07590110917500001	0.170401700166	0.07489460211599999	0.037450911681	0.10648216803	0.060585764364000004	0.003923033685	0.011155417539	0.045817153551	0.02123291112	0.022142237343000002	0.08188966400400001	-1.428428380302	0.396084057963	0.015229607814	0.024512274759	0.006019887693	0.06119693880306123
T	0.11400758978700001	0.030852480269	0.10661018187299999	0.02269280182	0.06093261876	0.057557207032	0.032214389415	0.006918570932	0.031133569193999996	0.055084850093	0.016142550632	0.060580018681	0.107659243042	0.008792408287	0.030451815316	0.34488833107300004	-1.234447694841	0.007504141775000001	0.013100129367	0.116600375346	0.05328694671305326
W	0.002180531322	0.007162462062	0.000547506816	0.00036065274	0.008085764448	0.002849977134	0.0009393622320000001	0.003239612406	0.007204053564	0.00134728956	0.007476479712	0.000602165796	0.00840004755	0.029647621986	0.001147850646	0.003002768892	0.0016991944500000002	-0.442754096122	0.03802979979	0.0022866276600000002	0.012065987934012054
Y	0.007478544644999999	0.0107396982	0.020903713875	0.0046145795849999996	0.039808745459999996	0.008789311079999999	0.004099863735	0.001867561245	0.18125491527	0.007941823064999999	0.01023447744	0.004506137459999999	0.01643900643	0.26654227281	0.0030607320149999995	0.013680682784999999	0.008396699355	0.10765024132499999	-0.71435293275	0.008515285515	0.034154965845034094
V	0.17617756689	0.011816323389	0.005786774136	0.002625304149	0.135479094777	0.014543826804	0.016943365998	0.005303644047	0.008229391911	0.736353801729	0.117739708515	0.012806162694000001	0.131290653546	0.045269365401	0.020502154647	0.006801921243	0.151304561226	0.013104047970000001	0.017239246011	-1.335400200316	0.06914693085306937
