A	R	N	D	C	Q	E	G	H	I	L	K	M	F	P	S	T	W	Y	V	*
A	-0.5	0.02631578947368421	0.02631578947368421	0.02631578947368421	0.02631578947368421	0.02631578947368421	0.02631578947368421	0.02631578947368421	0.02631578947368421	0.02631578947368421	0.02631578947368421	0.02631578947368421	0.02631578947368421	0.02631578947368421	0.02631578947368421	0.02631578947368421	0.02631578947368421	0.02631578947368421	0.02631578947368421	0.02631578947368421	0.05
R	0.02631578947368421	-0.5	0.02631578947368421	0.02631578947368421	0.02631578947368421	0.02631578947368421	0.02631578947368421	0.02631578947368421	0.02631578947368421	0.02631578947368421	0.02631578947368421	0.02631578947368421	0.02631578947368421	0.02631578947368421	0.02631578947368421	0.02631578947368421	0.02631578947368421	0.02631578947368421	0.02631578947368421	0.02631578947368421	0.05
N	0.02631578947368421	0.02631578947368421	-0.5	0.02631578947368421	0.02631578947368421	0.02631578947368421	0.02631578947368421	0.02631578947368421	0.02631578947368421	0.02631578947368421	0.02631578947368421	0.02631578947368421	0.02631578947368421	0.02631578947368421	0.02631578947368421	0.02631578947368421	0.02631578947368421	0.02631578947368421	0.02631578947368421	0.02631578947368421	0.05
D	0.02631578947368421	0.02631578947368421	0.02631578947368421	-0.5	0.02631578947368421	0.02631578947368421	0.02631578947368421	0.02631578947368421	0.02631578947368421	0.02631578947368421	0.02631578947368421	0.02631578947368421	0.02631578947368421	0.02631578947368421	0.02631578947368421	0.02631578947368421	0.02631578947368421	0.02631578947368421	0.02631578947368421	0.02631578947368421	0.05
C	0.02631578947368421	0.02631578947368421	0.02631578947368421	0.02631578947368421	-0.5	0.02631578947368421	0.02631578947368421	0.02631578947368421	0.02631578947368421	0.02631578947368421	0.02631578947368421	0.02631578947368421	0.02631578947368421	0.02631578947368421	0.02631578947368421	0.02631578947368421	0.02631578947368421	0.02631578947368421	0.02631578947368421	0.02631578947368421	0.05
Q	0.02631578947368421	0.02631578947368421	0.02631578947368421	0.02631578947368421	0.02631578947368421	-0.5	0.02631578947368421	0.02631578947368421	0.02631578947368421	0.02631578947368421	0.02631578947368421	0.02631578947368421	0.02631578947368421	0.02631578947368421	0.02631578947368421	0.02631578947368421	0.02631578947368421	0.02631578947368421	0.02631578947368421	0.02631578947368421	0.05
E	0.02631578947368421	0.02631578947368421	0.02631578947368421	0.02631578947368421	0.02631578947368421	0.02631578947368421	-0.5	0.02631578947368421	0.02631578947368421	0.02631578947368421	0.02631578947368421	0.02631578947368421	0.02631578947368421	0.02631578947368421	0.02631578947368421	0.02631578947368421	0.02631578947368421	0.02631578947368421	0.02631578947368421	0.02631578947368421	0.05
G	0.02631578947368421	0.02631578947368421	0.02631578947368421	0.02631578947368421	0.02631578947368421	0.02631578947368421	0.02631578947368421	-0.5	0.02631578947368421	0.02631578947368421	0.02631578947368421	0.02631578947368421	0.02631578947368421	0.02631578947368421	0.02631578947368421	0.02631578947368421	0.02631578947368421	0.02631578947368421	0.02631578947368421	0.02631578947368421	0.05
H	0.02631578947368421	0.02631578947368421	0.02631578947368421	0.02631578947368421	0.02631578947368421	0.02631578947368421	0.02631578947368421	0.02631578947368421	-0.5	0.02631578947368421	0.02631578947368421	0.02631578947368421	0.02631578947368421	0.02631578947368421	0.02631578947368421	0.02631578947368421	0.02631578947368421	0.02631578947368421	0.02631578947368421	0.02631578947368421	0.05
I	0.02631578947368421	0.02631578947368421	0.02631578947368421	0.02631578947368421	0.02631578947368421	0.02631578947368421	0.02631578947368421	0.02631578947368421	0.02631578947368421	-0.5	0.02631578947368421	0.02631578947368421	0.02631578947368421	0.02631578947368421	0.02631578947368421	0.02631578947368421	0.02631578947368421	0.02631578947368421	0.02631578947368421	0.02631578947368421	0.05
L	0.02631578947368421	0.02631578947368421	0.02631578947368421	0.02631578947368421	0.02631578947368421	0.02631578947368421	0.02631578947368421	0.02631578947368421	0.02631578947368421	0.02631578947368421	-0.5	0.02631578947368421	0.02631578947368421	0.02631578947368421	0.02631578947368421	0.02631578947368421	0.02631578947368421	0.02631578947368421	0.02631578947368421	0.02631578947368421	0.05
K	0.02631578947368421	0.02631578947368421	0.02631578947368421	0.02631578947368421	0.02631578947368421	0.02631578947368421	0.02631578947368421	0.02631578947368421	0.02631578947368421	0.02631578947368421	0.02631578947368421	-0.5	0.02631578947368421	0.02631578947368421	0.02631578947368421	0.02631578947368421	0.02631578947368421	0.02631578947368421	0.02631578947368421	0.02631578947368421	0.05
M	0.02631578947368421	0.02631578947368421	0.02631578947368421	0.02631578947368421	0.02631578947368421	0.02631578947368421	0.02631578947368421	0.02631578947368421	0.02631578947368421	0.02631578947368421	0.02631578947368421	0.02631578947368421	-0.5	0.02631578947368421	0.02631578947368421	0.02631578947368421	0.02631578947368421	0.02631578947368421	0.02631578947368421	0.02631578947368421	0.05
F	0.02631578947368421	0.02631578947368421	0.02631578947368421	0.02631578947368421	0.02631578947368421	0.02631578947368421	0.02631578947368421	0.02631578947368421	0.02631578947368421	0.02631578947368421	0.02631578947368421	0.02631578947368421	0.02631578947368421	-0.5	0.02631578947368421	0.02631578947368421	0.02631578947368421	0.02631578947368421	0.02631578947368421	0.02631578947368421	0.05
P	0.02631578947368421	0.02631578947368421	0.02631578947368421	0.02631578947368421	0.02631578947368421	0.02631578947368421	0.02631578947368421	0.02631578947368421	0.02631578947368421	0.02631578947368421	0.02631578947368421	0.02631578947368421	0.02631578947368421	0.02631578947368421	-0.5	0.02631578947368421	0.02631578947368421	0.02631578947368421	0.02631578947368421	0.02631578947368421	0.05
S	0.02631578947368421	0.02631578947368421	0.02631578947368421	0.02631578947368421	0.02631578947368421	0.02631578947368421	0.02631578947368421	0.02631578947368421	0.02631578947368421	0.02631578947368421	0.02631578947368421	0.02631578947368421	0.02631578947368421	0.02631578947368421	0.02631578947368421	-0.5	0.02631578947368421	0.02631578947368421	0.02631578947368421	0.02631578947368421	0.05
T	0.02631578947368421	0.02631578947368421	0.02631578947368421	0.02631578947368421	0.02631578947368421	0.02631578947368421	0.02631578947368421	0.02631578947368421	0.02631578947368421	0.02631578947368421	0.02631578947368421	0.02631578947368421	0.02631578947368421	0.02631578947368421	0.02631578947368421	0.02631578947368421	-0.5	0.02631578947368421	0.02631578947368421	0.02631578947368421	0.05
W	0.02631578947368421	0.02631578947368421	0.02631578947368421	0.02631578947368421	0.02631578947368421	0.02631578947368421	0.02631578947368421	0.02631578947368421	0.02631578947368421	0.02631578947368421	0.02631578947368421	0.02631578947368421	0.02631578947368421	0.02631578947368421	0.02631578947368421	0.02631578947368421	0.02631578947368421	-0.5	0.02631578947368421	0.02631578947368421	0.05
Y	0.02631578947368421	0.02631578947368421	0.02631578947368421	0.02631578947368421	0.02631578947368421	0.02631578947368421	0.02631578947368421	0.02631578947368421	0.02631578947368421	0.02631578947368421	0.02631578947368421	0.02631578947368421	0.02631578947368421	0.02631578947368421	0.02631578947368421	0.02631578947368421	0.02631578947368421	0.02631578947368421	-0.5	0.02631578947368421	0.05
V	0.02631578947368421	0.02631578947368421	0.02631578947368421	0.02631578947368421	0.02631578947368421	0.02631578947368421	0.02631578947368421	0.02631578947368421	0.02631578947368421	0.02631578947368421	0.02631578947368421	0.02631578947368421	0.02631578947368421	0.02631578947368421	0.02631578947368421	0.02631578947368421	0.02631578947368421	0.02631578947368421	0.02631578947368421	-0.5	0.05
