-9.331368803977966309e-01 2.744974382221698761e-02 2.999322861433029175e-02 4.383107274770736694e-02 1.755142211914062500e-02 3.406277671456336975e-02 7.635869085788726807e-02 9.599200636148452759e-02 1.042363606393337250e-02 2.226270921528339386e-02 3.699336200952529907e-02 5.452885106205940247e-02 1.664584875106811523e-02 1.030559744685888290e-02 5.569323152303695679e-02 1.730907112360000610e-01 1.097276881337165833e-01 2.591536613181233406e-03 1.056078169494867325e-02 1.050739809870719910e-01
5.161350592970848083e-02 -8.323131799697875977e-01 3.224460408091545105e-02 1.720871031284332275e-02 9.182773530483245850e-03 9.017096459865570068e-02 3.885354846715927124e-02 4.456208646297454834e-02 4.430629685521125793e-02 1.313147693872451782e-02 4.007274284958839417e-02 2.388701289892196655e-01 1.357221323996782303e-02 6.138675380498170853e-03 2.933879382908344269e-02 7.339962571859359741e-02 4.017238691449165344e-02 1.378441974520683289e-02 1.423981506377458572e-02 2.145039290189743042e-02
5.971729755401611328e-02 3.414356335997581482e-02 -1.108429074287414551e+00 2.034950405359268188e-01 5.952306557446718216e-03 5.204026028513908386e-02 6.714171916246414185e-02 7.518614828586578369e-02 7.049524784088134766e-02 2.256313152611255646e-02 1.619911938905715942e-02 1.313928067684173584e-01 6.678188219666481018e-03 7.558304350823163986e-03 1.548322103917598724e-02 1.876406222581863403e-01 1.001381799578666687e-01 2.032956806942820549e-03 3.069442324340343475e-02 1.987646147608757019e-02
6.699008494615554810e-02 1.398787368088960648e-02 1.562087386846542358e-01 -8.550195693969726562e-01 2.012265846133232117e-03 3.607613220810890198e-02 2.556645572185516357e-01 6.607712805271148682e-02 2.375728823244571686e-02 6.445971783250570297e-03 1.118665095418691635e-02 4.678947478532791138e-02 3.794526681303977966e-03 3.811489790678024292e-03 2.158068306744098663e-02 7.505415380001068115e-02 3.418834134936332703e-02 2.095611533150076866e-03 1.291575655341148376e-02 1.638286747038364410e-02
8.007459342479705811e-02 2.228082343935966492e-02 1.363925915211439133e-02 6.006747018545866013e-03 -4.704098999500274658e-01 6.848473101854324341e-03 6.690410897135734558e-03 2.683085203170776367e-02 7.600788027048110962e-03 1.554083079099655151e-02 3.378409892320632935e-02 1.045361533761024475e-02 8.888926357030868530e-03 1.636090688407421112e-02 7.814463227987289429e-03 8.354418724775314331e-02 3.423246368765830994e-02 9.877343662083148956e-03 1.821487583220005035e-02 6.172622367739677429e-02
7.265345007181167603e-02 1.022863909602165222e-01 5.574921146035194397e-02 5.034632235765457153e-02 3.201751038432121277e-03 -1.071268558502197266e+00 2.118178308010101318e-01 3.071139380335807800e-02 7.599381357431411743e-02 1.212756335735321045e-02 5.737504735589027405e-02 1.735789328813552856e-01 2.414862439036369324e-02 6.678435485810041428e-03 3.640442341566085815e-02 6.718559563159942627e-02 5.091490224003791809e-02 3.449362004175782204e-03 1.137553807348012924e-02 2.526995167136192322e-02
1.095772013068199158e-01 2.965291030704975128e-02 4.839240759611129761e-02 2.400511503219604492e-01 2.104418352246284485e-03 1.425108760595321655e-01 -9.876062870025634766e-01 4.720664024353027344e-02 1.900849305093288422e-02 1.103223580867052078e-02 1.854047924280166626e-02 1.236436963081359863e-01 8.273352868854999542e-03 4.887150600552558899e-03 3.033684380352497101e-02 5.561949685215950012e-02 4.946014285087585449e-02 2.636411925777792931e-03 8.452295325696468353e-03 3.622015565633773804e-02
1.081857681274414062e-01 2.671009860932826996e-02 4.255944490432739258e-02 4.872566089034080505e-02 6.628070026636123657e-03 1.622775383293628693e-02 3.707459568977355957e-02 -4.969480931758880615e-01 8.397369645535945892e-03 4.653648938983678818e-03 9.131348691880702972e-03 2.886562235653400421e-02 4.457525908946990967e-03 3.644121112301945686e-03 1.446947827935218811e-02 8.487669378519058228e-02 2.457848563790321350e-02 4.711223766207695007e-03 5.458301864564418793e-03 1.759290881454944611e-02
3.411003574728965759e-02 7.710867375135421753e-02 1.158632785081863403e-01 5.086643248796463013e-02 5.451789591461420059e-03 1.165909618139266968e-01 4.334598407149314880e-02 2.438209950923919678e-02 -8.516143560409545898e-01 1.055426709353923798e-02 3.801095485687255859e-02 6.078328564763069153e-02 9.346045553684234619e-03 2.747470699250698090e-02 2.918752841651439667e-02 5.339619144797325134e-02 3.321621939539909363e-02 4.853835795074701309e-03 1.030272170901298523e-01 1.404487062245607376e-02
3.726315125823020935e-02 1.168934162706136703e-02 1.896810717880725861e-02 7.059297990053892136e-03 5.701555404812097549e-03 9.516973979771137238e-03 1.286777202039957047e-02 6.911305710673332214e-03 5.398421082645654678e-03 -9.381427764892578125e-01 2.061024755239486694e-01 2.166875265538692474e-02 6.467086076736450195e-02 3.728473931550979614e-02 8.074925281107425690e-03 2.754676714539527893e-02 7.274004817008972168e-02 3.762859851121902466e-03 1.560337096452713013e-02 3.653120398521423340e-01
3.972195088863372803e-02 2.288393676280975342e-02 8.736174553632736206e-03 7.859202101826667786e-03 7.951273582875728607e-03 2.888374961912631989e-02 1.387286186218261719e-02 8.699748665094375610e-03 1.247247587889432907e-02 1.322173476219177246e-01 -6.768466830253601074e-01 2.126438729465007782e-02 7.854677736759185791e-02 7.078700512647628784e-02 1.839298196136951447e-02 2.759030275046825409e-02 2.762355655431747437e-02 9.232361800968647003e-03 1.828577369451522827e-02 1.218247786164283752e-01
7.416489720344543457e-02 1.727861016988754272e-01 8.975666016340255737e-02 4.163818061351776123e-02 3.116420935839414597e-03 1.106860265135765076e-01 1.171877756714820862e-01 3.483517095446586609e-02 2.526349015533924103e-02 1.760777086019515991e-02 2.693507075309753418e-02 -9.438506960868835449e-01 1.690880209207534790e-02 5.384011194109916687e-03 2.660445496439933777e-02 6.932416558265686035e-02 7.344134151935577393e-02 3.069243626669049263e-03 8.047292940318584442e-03 2.709381841123104095e-02
6.421136856079101562e-02 2.784399501979351044e-02 1.293861307203769684e-02 9.577123448252677917e-03 7.515758741647005081e-03 4.367391392588615417e-02 2.223954349756240845e-02 1.525684632360935211e-02 1.101719401776790619e-02 1.490435004234313965e-01 2.821808457374572754e-01 4.795642197132110596e-02 -9.970448613166809082e-01 3.907352685928344727e-02 1.067686174064874649e-02 3.726013377308845520e-02 7.278387248516082764e-02 7.052249740809202194e-03 1.539593283087015152e-02 1.213470622897148132e-01
2.313586696982383728e-02 7.329295389354228973e-03 8.522364310920238495e-03 5.598593037575483322e-03 8.050772361457347870e-03 7.029284257441759109e-03 7.645512931048870087e-03 7.258892059326171875e-03 1.884876005351543427e-02 5.000831186771392822e-02 1.479991972446441650e-01 8.886823430657386780e-03 2.273993752896785736e-02 -6.307998895645141602e-01 8.843674324452877045e-03 3.425824642181396484e-02 1.566991209983825684e-02 2.003218233585357666e-02 1.812415421009063721e-01 4.770068824291229248e-02
1.072759851813316345e-01 3.005503676831722260e-02 1.497905701398849487e-02 2.719799242913722992e-02 3.299262141808867455e-03 3.287592902779579163e-02 4.072009399533271790e-02 2.472964674234390259e-02 1.718045026063919067e-02 9.292596951127052307e-03 3.299479186534881592e-02 3.767753019928932190e-02 5.331357475370168686e-03 7.587876636534929276e-03 -5.759485960006713867e-01 9.693749248981475830e-02 5.013865604996681213e-02 2.540593734011054039e-03 9.007660672068595886e-03 2.612660266458988190e-02
2.040814161300659180e-01 4.602549970149993896e-02 1.111167818307876587e-01 5.789965763688087463e-02 2.159054018557071686e-02 3.713895007967948914e-02 4.569777846336364746e-02 8.879388868808746338e-02 1.923876255750656128e-02 1.940433867275714874e-02 3.029558807611465454e-02 6.009555235505104065e-02 1.138854399323463440e-02 1.799211651086807251e-02 5.933642387390136719e-02 -1.076674103736877441e+00 1.867736428976058960e-01 6.488911807537078857e-03 2.396414242684841156e-02 2.935154736042022705e-02
1.487844437360763550e-01 2.896969020366668701e-02 6.819681823253631592e-02 3.033128939568996429e-02 1.017412450164556503e-02 3.236756101250648499e-02 4.673421755433082581e-02 2.957068197429180145e-02 1.376349385827779770e-02 5.892686545848846436e-02 3.488302230834960938e-02 7.321665436029434204e-02 2.558412402868270874e-02 9.464447386562824249e-03 3.529505804181098938e-02 2.147965133190155029e-01 -9.580898284912109375e-01 2.495303517207503319e-03 1.210683770477771759e-02 8.242867141962051392e-02
1.584579609334468842e-02 4.482498392462730408e-02 6.243210751563310623e-03 8.383764885365962982e-03 1.323775947093963623e-02 9.888246655464172363e-03 1.123332511633634567e-02 2.555968053638935089e-02 9.069408290088176727e-03 1.374590210616588593e-02 5.257300287485122681e-02 1.379799935966730118e-02 1.117836963385343552e-02 5.455975234508514404e-02 8.064768277108669281e-03 3.365106880664825439e-02 1.125223468989133835e-02 -4.465668499469757080e-01 7.735729962587356567e-02 2.610029093921184540e-02
2.580479905009269714e-02 1.850477047264575958e-02 3.766925260424613953e-02 2.064884640276432037e-02 9.755469858646392822e-03 1.303167082369327545e-02 1.439187489449977875e-02 1.183387357741594315e-02 7.692959904670715332e-02 2.277829870581626892e-02 4.161126539111137390e-02 1.445713266730308533e-02 9.752240963280200958e-03 1.972647756338119507e-01 1.142658013850450516e-02 4.966341331601142883e-02 2.181693725287914276e-02 3.091355599462985992e-02 -6.540603041648864746e-01 2.580594830214977264e-02
1.290414035320281982e-01 1.401019096374511719e-02 1.226015947759151459e-02 1.316422689706087112e-02 1.661579683423042297e-02 1.454997062683105469e-02 3.099720552563667297e-02 1.917063631117343903e-02 5.270948167890310287e-03 2.680380046367645264e-01 1.393358111381530762e-01 2.446426078677177429e-02 3.863289207220077515e-02 2.609431743621826172e-02 1.665776595473289490e-02 3.057279810309410095e-02 7.465706765651702881e-02 5.242307670414447784e-03 1.297027990221977234e-02 -8.917459845542907715e-01
