-9.457755088806152344e-01 2.802335470914840698e-02 2.985132299363613129e-02 4.477309063076972961e-02 1.780755259096622467e-02 3.455851227045059204e-02 7.734949886798858643e-02 9.678859263658523560e-02 1.072433125227689743e-02 2.253135107457637787e-02 3.735469654202461243e-02 5.549977719783782959e-02 1.713002286851406097e-02 1.010746881365776062e-02 5.655994266271591187e-02 1.757983267307281494e-01 1.109910681843757629e-01 2.560954308137297630e-03 1.051770430058240891e-02 1.068478450179100037e-01
5.284511670470237732e-02 -8.421418070793151855e-01 3.233010694384574890e-02 1.743260584771633148e-02 9.348233230412006378e-03 9.243217855691909790e-02 3.900025784969329834e-02 4.428225755691528320e-02 4.467614367604255676e-02 1.293185912072658539e-02 3.948966041207313538e-02 2.436907738447189331e-01 1.356088276952505112e-02 6.495690904557704926e-03 2.972879447042942047e-02 7.442455738782882690e-02 3.987213969230651855e-02 1.392259541898965836e-02 1.429332792758941650e-02 2.138465642929077148e-02
5.907943099737167358e-02 3.393088281154632568e-02 -1.115432024002075195e+00 2.068828493356704712e-01 6.040950771421194077e-03 5.130251124501228333e-02 6.677283346652984619e-02 7.583521306514739990e-02 7.073350250720977783e-02 2.295521460473537445e-02 1.642529852688312531e-02 1.328407526016235352e-01 6.480266805738210678e-03 7.238436490297317505e-03 1.562074385583400726e-02 1.895888894796371460e-01 9.984876960515975952e-02 2.085933228954672813e-03 3.171488270163536072e-02 2.005470171570777893e-02
6.765872985124588013e-02 1.396961417049169540e-02 1.579641550779342651e-01 -8.602771162986755371e-01 1.926784752868115902e-03 3.597088530659675598e-02 2.582315802574157715e-01 6.627460569143295288e-02 2.458713762462139130e-02 6.245275028049945831e-03 1.130804698914289474e-02 4.650685191154479980e-02 3.748865332454442978e-03 3.837646450847387314e-03 2.137641608715057373e-02 7.506667077541351318e-02 3.415429592132568359e-02 2.240734174847602844e-03 1.298145949840545654e-02 1.622730307281017303e-02
8.104387670755386353e-02 2.256112731993198395e-02 1.389148086309432983e-02 5.802863743156194687e-03 -4.744778871536254883e-01 6.695858202874660492e-03 6.592371966689825058e-03 2.765376307070255280e-02 7.192958146333694458e-03 1.507730782032012939e-02 3.386979177594184875e-02 1.033172570168972015e-02 8.806496858596801758e-03 1.594207622110843658e-02 8.312454447150230408e-03 8.403050154447555542e-02 3.585275262594223022e-02 9.712195023894309998e-03 1.894168928265571594e-02 6.216660514473915100e-02
7.334751635789871216e-02 1.040324494242668152e-01 5.501691997051239014e-02 5.052132532000541687e-02 3.122631227597594261e-03 -1.081175565719604492e+00 2.143352776765823364e-01 3.073699958622455597e-02 7.705418765544891357e-02 1.214429456740617752e-02 5.779091641306877136e-02 1.776021122932434082e-01 2.446822635829448700e-02 6.605057977139949799e-03 3.664575889706611633e-02 6.682391464710235596e-02 5.108719691634178162e-02 3.465235233306884766e-03 1.121942885220050812e-02 2.515616267919540405e-02
1.107490360736846924e-01 2.961182966828346252e-02 4.830694198608398438e-02 2.446724623441696167e-01 2.073997398838400841e-03 1.445925086736679077e-01 -1.000157475471496582e+00 4.711261764168739319e-02 1.888685487210750580e-02 1.102320011705160141e-02 1.889179833233356476e-02 1.261159330606460571e-01 8.187972940504550934e-03 4.732124041765928268e-03 2.994504757225513458e-02 5.645254999399185181e-02 5.035413429141044617e-02 2.598458901047706604e-03 8.723899722099304199e-03 3.712610155344009399e-02
1.089970991015434265e-01 2.644452638924121857e-02 4.315081238746643066e-02 4.938910901546478271e-02 6.842724513262510300e-03 1.630879566073417664e-02 3.705489262938499451e-02 -5.010898709297180176e-01 8.448317646980285645e-03 4.886426497250795364e-03 9.279924444854259491e-03 2.919189259409904480e-02 4.599259700626134872e-03 3.432705067098140717e-03 1.482736133038997650e-02 8.573053032159805298e-02 2.459120936691761017e-02 4.853968508541584015e-03 5.599553231149911880e-03 1.746071316301822662e-02
3.483496233820915222e-02 7.695487141609191895e-02 1.160907521843910217e-01 5.285016819834709167e-02 5.133774131536483765e-03 1.179264038801193237e-01 4.284719377756118774e-02 2.436826750636100769e-02 -8.582541942596435547e-01 1.064404286444187164e-02 3.898898139595985413e-02 6.114558503031730652e-02 9.158337488770484924e-03 2.731276303529739380e-02 2.898130565881729126e-02 5.462823808193206787e-02 3.355556353926658630e-02 4.650305490940809250e-03 1.046814098954200745e-01 1.350128091871738434e-02
3.751671314239501953e-02 1.141862291842699051e-02 1.931284181773662567e-02 6.881487555801868439e-03 5.516267847269773483e-03 9.527510032057762146e-03 1.281925290822982788e-02 7.225004024803638458e-03 5.456308834254741669e-03 -9.489902257919311523e-01 2.072716355323791504e-01 2.188909426331520081e-02 6.640896946191787720e-02 3.717247769236564636e-02 7.995030842721462250e-03 2.785976603627204895e-02 7.345388084650039673e-02 3.853014670312404633e-03 1.572791114449501038e-02 3.716843724250793457e-01
3.998852893710136414e-02 2.241758815944194794e-02 8.884455077350139618e-03 8.010711520910263062e-03 7.966852746903896332e-03 2.914871647953987122e-02 1.412475947290658951e-02 8.821529336273670197e-03 1.284952089190483093e-02 1.332577764987945557e-01 -6.819399595260620117e-01 2.137037180364131927e-02 7.997763901948928833e-02 7.084477692842483521e-02 1.891409978270530701e-02 2.766462974250316620e-02 2.776890061795711517e-02 9.399984963238239288e-03 1.834217458963394165e-02 1.221869662404060364e-01
7.520629465579986572e-02 1.751125752925872803e-01 9.095396101474761963e-02 4.170355945825576782e-02 3.076238092035055161e-03 1.133915558457374573e-01 1.193577200174331665e-01 3.512646630406379700e-02 2.550838328897953033e-02 1.781366392970085144e-02 2.705109305679798126e-02 -9.549204111099243164e-01 1.684357784688472748e-02 5.355703644454479218e-03 2.674143388867378235e-02 6.996635347604751587e-02 7.419632375240325928e-02 3.021881915628910065e-03 7.964208722114562988e-03 2.652942761778831482e-02
6.589152663946151733e-02 2.766144275665283203e-02 1.259481441229581833e-02 9.542554616928100586e-03 7.443185430020093918e-03 4.434490203857421875e-02 2.199710533022880554e-02 1.570973172783851624e-02 1.084533799439668655e-02 1.534125208854675293e-01 2.873756289482116699e-01 4.781266674399375916e-02 -1.011379957199096680e+00 3.965375944972038269e-02 1.110078115016222000e-02 3.678912296891212463e-02 7.275632023811340332e-02 6.758348084986209869e-03 1.583482325077056885e-02 1.238553896546363831e-01
2.280711196362972260e-02 7.772638928145170212e-03 8.252773433923721313e-03 5.730415228754281998e-03 7.904180325567722321e-03 7.022215519100427628e-03 7.457641884684562683e-03 6.878180429339408875e-03 1.897353865206241608e-02 5.037463083863258362e-02 1.493294835090637207e-01 8.918287232518196106e-03 2.326165884733200073e-02 -6.394826173782348633e-01 9.100523777306079865e-03 3.524282947182655334e-02 1.554654818028211594e-02 2.055946364998817444e-02 1.856237053871154785e-01 4.872682318091392517e-02
1.087520495057106018e-01 3.031245432794094086e-02 1.517600659281015396e-02 2.719923295080661774e-02 3.511897986754775047e-03 3.319875895977020264e-02 4.021342471241950989e-02 2.531637996435165405e-02 1.715541630983352661e-02 9.232326410710811615e-03 3.397222235798835754e-02 3.794461861252784729e-02 5.548945628106594086e-03 7.754735648632049561e-03 -5.804501175880432129e-01 9.731589257717132568e-02 5.066137760877609253e-02 2.420678501948714256e-03 9.134480729699134827e-03 2.562921307981014252e-02
2.074010521173477173e-01 4.656158387660980225e-02 1.130150705575942993e-01 5.860525742173194885e-02 2.178297750651836395e-02 3.714477643370628357e-02 4.651545733213424683e-02 8.981335163116455078e-02 1.984121277928352356e-02 1.973949931561946869e-02 3.048813343048095703e-02 6.091474741697311401e-02 1.128350477665662766e-02 1.842633821070194244e-02 5.971060693264007568e-02 -1.091277718544006348e+00 1.896691024303436279e-01 6.572699174284934998e-03 2.430768124759197235e-02 2.948474325239658356e-02
1.502375900745391846e-01 2.862037904560565948e-02 6.829054653644561768e-02 3.059349954128265381e-02 1.066343579441308975e-02 3.258159011602401733e-02 4.760397598147392273e-02 2.955831587314605713e-02 1.398330833762884140e-02 5.971285700798034668e-02 3.511228039860725403e-02 7.411565631628036499e-02 2.560292929410934448e-02 9.326025843620300293e-03 3.566473722457885742e-02 2.176160663366317749e-01 -9.668244719505310059e-01 2.490903250873088837e-03 1.219997741281986237e-02 8.285037428140640259e-02
1.557604502886533737e-02 4.490460082888603210e-02 6.410370115190744400e-03 9.018596261739730835e-03 1.297946646809577942e-02 9.930194355547428131e-03 1.103795971721410751e-02 2.621570788323879242e-02 8.707464672625064850e-03 1.407403219491243362e-02 5.340627953410148621e-02 1.356344111263751984e-02 1.068622525781393051e-02 5.541652068495750427e-02 7.657093461602926254e-03 3.388464450836181641e-02 1.119235996156930923e-02 -4.493240118026733398e-01 7.841853052377700806e-02 2.624449692666530609e-02
2.542128227651119232e-02 1.831998489797115326e-02 3.873173147439956665e-02 2.076314948499202728e-02 1.005956623703241348e-02 1.277664676308631897e-02 1.472667325288057327e-02 1.201819069683551788e-02 7.789343595504760742e-02 2.283021621406078339e-02 4.141303896903991699e-02 1.420548837631940842e-02 9.949886240065097809e-03 1.988300383090972900e-01 1.148237753659486771e-02 4.979936406016349792e-02 2.178436703979969025e-02 3.116303868591785431e-02 -6.578372716903686523e-01 2.566877380013465881e-02
1.310143917798995972e-01 1.390499342232942581e-02 1.242500916123390198e-02 1.316718105226755142e-02 1.674921438097953796e-02 1.453340053558349609e-02 3.179436177015304565e-02 1.901185140013694763e-02 5.096629261970520020e-03 2.737095654010772705e-01 1.399548202753067017e-01 2.400590851902961731e-02 3.948176279664039612e-02 2.647850289940834045e-02 1.634406112134456635e-02 3.064462915062904358e-02 7.505111396312713623e-02 5.290979053825139999e-03 1.302212476730346680e-02 -9.016804695129394531e-01
